0.000000	0.271390	0.271524	0.271844	0.269782	0.275794	0.275474	0.267672	0.271256	0.271897	0.271807	0.270442	0.267794	0.273827	0.269878	0.270497	0.269280	0.270812	0.273833	0.268656	0.271519	0.271847	0.272550	0.270642	0.271178	0.273485	0.269545	0.279620	0.272287	0.274893	0.270855	0.267958	0.264763	0.268740	0.271626	0.270438	0.272443	0.270006	0.276539	0.273546	0.271139	0.271574	0.272054	0.267835	0.272365	0.270478	0.272217	0.274263	0.273236	0.268859	0.273898	0.276364	0.272661	0.273881	0.272135	0.279456	0.268840	0.267498	0.270064	0.271031	0.273808	0.275774	0.274006	0.265782	0.269370	0.274596	0.263127	0.271260	0.270029	0.273873	0.277465	0.278352	0.275685	0.267286	0.272469	0.267282	0.278274	0.272979	0.269313	0.270971	0.271657	0.273294	0.266106	0.275070	0.270615	0.267845	0.271652	0.269121	0.273098	0.269117	0.277623	0.275996	0.273589	0.276043	0.273680	0.268703	0.269109	0.272254	0.274331	0.273373	0.271734	0.274430	0.277339	0.276410	0.268584	0.273948	0.279306	0.276279	0.277656	0.273833	0.276618	0.272610	0.275028	0.274184	0.275811	0.273249	0.277062	0.276151	0.272378	0.280142	0.272312	0.274281	0.271973	0.270975	0.270685	0.274585	0.281290	0.278703	0.272198	0.271593	0.276176	0.274828	0.273866	0.276182	0.272789	0.274220	0.275083	0.273299	0.269640	0.277330	0.274560	0.270646	0.276103	0.271055	0.275065	0.275132	0.270775	0.281129	0.271093	0.269571	0.268547	0.273086	0.278203	0.276137	0.277907	0.272448	0.274029	0.274193	0.272271	0.272211	0.273092	0.269604	0.271764	0.273340	0.275172	0.276524	0.276434	0.278558	0.274258	0.277304	0.280440	0.275505	0.272675	0.272639	0.275438	0.272219	0.274514	0.274169	0.273530	0.271019	0.276882	0.276641	0.269134	0.275653	0.272170	0.271065	0.274624	0.272939	0.271172	0.267302	0.275264	0.274657	0.277109	0.275183	0.272872	0.269693	0.271204	0.278347	
0.271390	0.000000	0.275047	0.277345	0.275072	0.277186	0.276694	0.274660	0.272109	0.269955	0.273959	0.269896	0.270853	0.275847	0.272769	0.276490	0.274351	0.274050	0.274415	0.274042	0.273849	0.274543	0.273105	0.275064	0.271275	0.274905	0.271975	0.281743	0.276703	0.275167	0.272754	0.269791	0.273675	0.269786	0.276784	0.270968	0.272223	0.272334	0.276113	0.274442	0.272700	0.273503	0.273536	0.266852	0.278022	0.272499	0.273755	0.276112	0.272514	0.276064	0.277962	0.277165	0.273178	0.278372	0.276375	0.278088	0.274323	0.267340	0.274320	0.276054	0.275094	0.275629	0.278896	0.267708	0.271237	0.273764	0.269888	0.274296	0.274774	0.273969	0.277759	0.280421	0.278442	0.274710	0.273476	0.272556	0.273394	0.275937	0.274813	0.276120	0.271430	0.272444	0.270083	0.274100	0.275925	0.266872	0.269286	0.271998	0.274229	0.275831	0.273556	0.275805	0.278132	0.277693	0.276038	0.274566	0.270468	0.278767	0.279500	0.280508	0.276471	0.274664	0.275411	0.275737	0.279354	0.281213	0.274429	0.276618	0.277065	0.278056	0.277984	0.276474	0.279940	0.278074	0.276393	0.274244	0.278091	0.276564	0.278607	0.277987	0.279303	0.275373	0.275857	0.277688	0.273194	0.279540	0.276704	0.280504	0.275864	0.276746	0.275013	0.279206	0.275503	0.278682	0.277020	0.276787	0.275406	0.274800	0.274907	0.274726	0.278653	0.275015	0.277272	0.275395	0.275181	0.275749	0.273751	0.277716	0.277082	0.276124	0.269273	0.276752	0.274526	0.275998	0.281661	0.278706	0.273840	0.275129	0.273880	0.273875	0.275866	0.275100	0.271929	0.276288	0.275774	0.276919	0.278619	0.280116	0.273190	0.275509	0.281963	0.276757	0.277422	0.278114	0.279619	0.272787	0.277288	0.277736	0.275158	0.277730	0.275617	0.279806	0.268962	0.276799	0.273679	0.277403	0.276545	0.277166	0.273966	0.270593	0.274849	0.272420	0.279320	0.281121	0.276800	0.273391	0.270929	0.279065	
0.271524	0.275047	0.000000	0.279513	0.275318	0.281283	0.280044	0.278108	0.272421	0.273320	0.277006	0.278346	0.276027	0.280031	0.275009	0.277473	0.280297	0.276427	0.281396	0.276591	0.276817	0.275388	0.275806	0.279808	0.278038	0.279401	0.275096	0.283899	0.282295	0.278401	0.280303	0.274637	0.275835	0.276170	0.279907	0.277808	0.276011	0.276982	0.280741	0.279365	0.277783	0.277251	0.276365	0.277482	0.281069	0.278622	0.277382	0.277879	0.281296	0.279337	0.279912	0.281421	0.280314	0.276340	0.277406	0.283215	0.280119	0.272521	0.279207	0.276849	0.279769	0.282087	0.280581	0.274221	0.272444	0.277538	0.273715	0.277454	0.276495	0.280391	0.280006	0.281569	0.282700	0.273410	0.280665	0.275451	0.279987	0.277231	0.275397	0.277266	0.275890	0.276815	0.274671	0.279661	0.277497	0.274310	0.268718	0.273812	0.281890	0.277944	0.277320	0.281264	0.277974	0.280318	0.277805	0.276238	0.278815	0.279881	0.282366	0.282780	0.281106	0.279295	0.278833	0.278225	0.282129	0.281151	0.283662	0.283214	0.283906	0.278107	0.281016	0.278752	0.285423	0.277549	0.280135	0.279178	0.283441	0.282278	0.280873	0.284437	0.279471	0.281707	0.279798	0.280954	0.273433	0.280958	0.282521	0.282313	0.279237	0.275771	0.279987	0.284349	0.280371	0.281598	0.280655	0.280093	0.282157	0.276747	0.281042	0.280864	0.282214	0.279717	0.284243	0.281398	0.277377	0.281755	0.278405	0.281515	0.280648	0.281097	0.273241	0.280858	0.281153	0.275123	0.282010	0.276490	0.280788	0.278299	0.275492	0.279116	0.279774	0.280090	0.281680	0.278071	0.279948	0.281158	0.285902	0.280237	0.280775	0.280957	0.286816	0.279714	0.277163	0.280536	0.280910	0.279593	0.279615	0.280686	0.279227	0.280327	0.284201	0.280948	0.275102	0.281512	0.280223	0.277968	0.281561	0.278476	0.281954	0.276239	0.282705	0.282772	0.280199	0.281148	0.280372	0.278626	0.278049	0.284690	
0.271844	0.277345	0.279513	0.000000	0.277618	0.278852	0.279132	0.278544	0.277271	0.276143	0.280042	0.279378	0.262303	0.278524	0.277125	0.279486	0.282066	0.277542	0.281618	0.274533	0.278487	0.278622	0.277253	0.277400	0.278974	0.276753	0.276292	0.280075	0.281891	0.275957	0.277742	0.279386	0.280056	0.271967	0.277664	0.274847	0.276099	0.277863	0.279925	0.284047	0.279655	0.275631	0.276851	0.275114	0.277486	0.277476	0.280076	0.278366	0.278646	0.280042	0.278369	0.279205	0.280411	0.278471	0.280429	0.280868	0.279049	0.274072	0.278006	0.279162	0.283744	0.278889	0.278097	0.272644	0.277379	0.276004	0.273700	0.279926	0.278624	0.280798	0.282212	0.281706	0.286401	0.275487	0.282294	0.276623	0.281697	0.274207	0.277425	0.279241	0.279079	0.281810	0.275222	0.276972	0.277936	0.268532	0.274730	0.275612	0.280514	0.279257	0.281543	0.281045	0.275611	0.284790	0.281523	0.282262	0.280881	0.285530	0.280604	0.280023	0.280429	0.284551	0.277657	0.280901	0.277686	0.283197	0.284467	0.273945	0.283863	0.277728	0.280225	0.279706	0.282017	0.279167	0.283673	0.282600	0.283629	0.282349	0.277184	0.282777	0.283399	0.277988	0.281600	0.282165	0.276837	0.282401	0.284093	0.280587	0.282813	0.278971	0.281291	0.284108	0.281043	0.278561	0.279900	0.280594	0.281419	0.280738	0.282228	0.282124	0.280286	0.276533	0.282530	0.279570	0.279223	0.281728	0.279207	0.281561	0.284782	0.280283	0.279172	0.279803	0.285068	0.279477	0.284775	0.280170	0.281549	0.278930	0.277423	0.280218	0.282332	0.274155	0.279395	0.281107	0.281487	0.283931	0.283033	0.281120	0.280832	0.279858	0.282233	0.278625	0.280490	0.278008	0.279988	0.279985	0.278646	0.282838	0.279106	0.281063	0.283649	0.278571	0.279077	0.280258	0.283538	0.280781	0.284839	0.281263	0.276855	0.278834	0.280828	0.281039	0.278264	0.279827	0.284622	0.262384	0.281325	0.283043	
0.269782	0.275072	0.275318	0.277618	0.000000	0.278064	0.272481	0.271894	0.273615	0.272978	0.275220	0.274180	0.271951	0.275724	0.273711	0.274374	0.274535	0.274329	0.276395	0.276606	0.276230	0.272690	0.273342	0.274668	0.271821	0.273268	0.271799	0.280448	0.277899	0.275128	0.273227	0.270744	0.272741	0.274701	0.277886	0.270542	0.275152	0.274571	0.277328	0.277797	0.274622	0.269937	0.275104	0.269629	0.274229	0.274351	0.271283	0.275756	0.277704	0.275124	0.276577	0.278331	0.276859	0.276034	0.278031	0.280992	0.273574	0.273634	0.274122	0.277264	0.274929	0.276359	0.277194	0.267836	0.272166	0.274146	0.268917	0.274078	0.274224	0.276799	0.277265	0.278229	0.276639	0.266129	0.276344	0.271919	0.278106	0.271024	0.269943	0.278163	0.274141	0.269902	0.271128	0.274134	0.275382	0.269951	0.269218	0.268907	0.275207	0.273712	0.275796	0.279362	0.274773	0.274700	0.275705	0.271162	0.275890	0.276505	0.276576	0.276961	0.278167	0.277285	0.276219	0.275759	0.277932	0.279728	0.276595	0.279703	0.275774	0.274724	0.276943	0.275391	0.280374	0.277399	0.279125	0.278951	0.280106	0.277160	0.275441	0.276966	0.278808	0.275615	0.276139	0.279109	0.270576	0.280033	0.278017	0.277367	0.277980	0.272101	0.279550	0.282101	0.277829	0.278106	0.277337	0.276041	0.278256	0.279578	0.276618	0.275611	0.276416	0.273958	0.277757	0.273711	0.274059	0.278620	0.276562	0.279432	0.273899	0.277038	0.270694	0.274223	0.279949	0.278628	0.276548	0.277039	0.274896	0.275458	0.276680	0.274030	0.272022	0.277878	0.278544	0.274369	0.279322	0.279178	0.279592	0.278516	0.276530	0.276206	0.280741	0.276365	0.276985	0.275952	0.276068	0.275540	0.277256	0.276450	0.276320	0.274391	0.279713	0.276413	0.270743	0.276364	0.278518	0.275671	0.276605	0.280146	0.279360	0.274831	0.268560	0.276758	0.274225	0.280688	0.271859	0.272252	0.275717	0.281107	
0.275794	0.277186	0.281283	0.278852	0.278064	0.000000	0.277910	0.278842	0.278678	0.277841	0.277921	0.279208	0.275904	0.279030	0.274949	0.279094	0.280605	0.278653	0.278311	0.277523	0.268309	0.278723	0.277481	0.277656	0.277748	0.278094	0.275997	0.280442	0.283638	0.277474	0.276943	0.278933	0.275014	0.275779	0.277628	0.276430	0.277349	0.275456	0.275880	0.279660	0.282126	0.282229	0.277846	0.277826	0.279426	0.276358	0.279494	0.278763	0.280072	0.278818	0.278762	0.262215	0.278558	0.282281	0.281788	0.266903	0.279132	0.276996	0.279007	0.280126	0.282251	0.279021	0.277497	0.276060	0.274633	0.279237	0.275351	0.276559	0.279216	0.280033	0.278359	0.282300	0.261751	0.277246	0.273498	0.275737	0.272402	0.280896	0.280345	0.280777	0.277150	0.277554	0.278494	0.263300	0.281543	0.276257	0.273418	0.275720	0.280197	0.279485	0.279423	0.280555	0.264783	0.283354	0.276264	0.275509	0.276793	0.281725	0.280571	0.280428	0.282915	0.281451	0.280693	0.282733	0.281385	0.283891	0.281632	0.283336	0.279203	0.278122	0.264841	0.279451	0.282121	0.280553	0.281667	0.283803	0.283824	0.283041	0.285221	0.275982	0.284893	0.282284	0.281750	0.281854	0.278239	0.283703	0.282775	0.285067	0.282391	0.279381	0.282653	0.280702	0.285192	0.282073	0.278514	0.280785	0.281308	0.278280	0.278191	0.278587	0.281949	0.280443	0.284248	0.279361	0.279250	0.282308	0.281327	0.284978	0.280005	0.280956	0.276984	0.281573	0.272026	0.279110	0.285361	0.279859	0.282166	0.280815	0.281306	0.284549	0.280782	0.280966	0.280444	0.283015	0.276463	0.280467	0.282469	0.281663	0.282006	0.280747	0.284307	0.278853	0.281215	0.280050	0.280700	0.279823	0.278346	0.285217	0.283259	0.280691	0.271616	0.279467	0.277390	0.281716	0.280232	0.273213	0.279975	0.280178	0.281607	0.277925	0.280449	0.281780	0.281390	0.268110	0.280739	0.277161	0.280926	0.283558	
0.275474	0.276694	0.280044	0.279132	0.272481	0.277910	0.000000	0.275706	0.275748	0.277333	0.276904	0.277692	0.275791	0.276005	0.274892	0.273219	0.281815	0.278035	0.275823	0.276103	0.278950	0.276354	0.278826	0.279281	0.274940	0.276765	0.276686	0.278210	0.277999	0.275010	0.275688	0.274045	0.274663	0.273020	0.278951	0.272008	0.273784	0.279819	0.276350	0.277970	0.278554	0.274436	0.277265	0.274740	0.277992	0.278250	0.277155	0.275568	0.279692	0.275795	0.278021	0.277945	0.276650	0.281479	0.278923	0.285191	0.275716	0.273664	0.274354	0.276206	0.279191	0.275474	0.276964	0.271183	0.274713	0.276679	0.273357	0.276452	0.274144	0.276186	0.276404	0.280697	0.281043	0.277460	0.280025	0.273790	0.279922	0.276976	0.275272	0.279098	0.275913	0.276364	0.277075	0.277179	0.279681	0.270803	0.271677	0.274907	0.277462	0.280411	0.279123	0.278606	0.280491	0.279069	0.280052	0.274962	0.275052	0.283296	0.278921	0.277649	0.283049	0.277991	0.278056	0.282706	0.279118	0.282331	0.277922	0.282033	0.278911	0.278925	0.277764	0.280353	0.278060	0.276868	0.283388	0.279427	0.281004	0.278687	0.282060	0.282475	0.281497	0.281850	0.277182	0.285152	0.275828	0.282858	0.277246	0.279686	0.278918	0.274294	0.281088	0.279455	0.278074	0.277862	0.276779	0.279846	0.282374	0.280364	0.280484	0.279705	0.284196	0.276407	0.279149	0.278020	0.281458	0.280811	0.278298	0.279706	0.279960	0.279244	0.275324	0.277057	0.281346	0.276252	0.279291	0.280568	0.280912	0.278297	0.280257	0.278202	0.279161	0.274752	0.280417	0.279000	0.280203	0.279156	0.280165	0.280607	0.276589	0.277388	0.281694	0.281715	0.276927	0.277691	0.284701	0.278105	0.280414	0.280087	0.279376	0.277622	0.282602	0.281496	0.273326	0.278511	0.277273	0.283653	0.279416	0.280937	0.282841	0.277936	0.277091	0.277713	0.278801	0.282688	0.278859	0.275644	0.278593	0.283467	
0.267672	0.274660	0.278108	0.278544	0.271894	0.278842	0.275706	0.000000	0.272170	0.274851	0.274855	0.270501	0.274828	0.278271	0.272203	0.273160	0.275096	0.274635	0.274958	0.274413	0.274064	0.273831	0.268362	0.273966	0.271240	0.273809	0.270322	0.279783	0.276462	0.274968	0.271046	0.271483	0.272200	0.274433	0.272556	0.270528	0.274895	0.278014	0.276330	0.273208	0.272156	0.272823	0.272384	0.270050	0.275974	0.273644	0.271902	0.275279	0.274497	0.277051	0.274902	0.274626	0.277742	0.275533	0.272570	0.278666	0.272418	0.270123	0.271620	0.277621	0.276153	0.277889	0.278270	0.269403	0.268556	0.275193	0.270212	0.276337	0.274609	0.275419	0.275472	0.278015	0.277221	0.271465	0.277172	0.271418	0.276788	0.275427	0.271813	0.277505	0.273535	0.274612	0.270181	0.273916	0.278305	0.270778	0.270080	0.266897	0.275476	0.273209	0.274157	0.275035	0.275041	0.277974	0.277321	0.273628	0.272161	0.279274	0.274639	0.278917	0.273752	0.273854	0.275346	0.275530	0.274121	0.277970	0.280673	0.280149	0.278282	0.276270	0.275651	0.276299	0.278830	0.273127	0.279422	0.279871	0.282375	0.278147	0.276329	0.278670	0.277028	0.279255	0.278593	0.279948	0.273472	0.275752	0.279245	0.279534	0.279126	0.272469	0.276776	0.271557	0.277845	0.273043	0.274290	0.275986	0.276098	0.276232	0.276260	0.278048	0.278099	0.272983	0.275412	0.273029	0.275582	0.281290	0.273253	0.278499	0.275345	0.275386	0.270587	0.278568	0.278157	0.276388	0.277098	0.275818	0.277939	0.277446	0.274661	0.278660	0.276201	0.275032	0.278654	0.274307	0.276472	0.280112	0.280704	0.278221	0.273634	0.277341	0.283285	0.277522	0.275035	0.278809	0.280823	0.277032	0.277668	0.278253	0.282438	0.276082	0.279926	0.279437	0.270752	0.275974	0.277845	0.275807	0.276970	0.278879	0.279639	0.274570	0.274057	0.276038	0.280949	0.277922	0.274919	0.275502	0.276163	0.281548	
0.271256	0.272109	0.272421	0.277271	0.273615	0.278678	0.275748	0.272170	0.000000	0.272113	0.275752	0.273958	0.271423	0.276374	0.274393	0.274529	0.273387	0.276247	0.276634	0.274600	0.276888	0.275180	0.274367	0.274161	0.278065	0.274112	0.273518	0.279795	0.278246	0.273218	0.273763	0.274238	0.274775	0.274174	0.277030	0.273977	0.269367	0.273885	0.279586	0.274969	0.275662	0.273372	0.273749	0.272482	0.277157	0.276436	0.272390	0.278038	0.274290	0.274938	0.276407	0.277041	0.276364	0.278088	0.275808	0.280718	0.274347	0.271124	0.272781	0.276344	0.276618	0.276937	0.278275	0.269430	0.270252	0.276923	0.272875	0.274198	0.276130	0.274301	0.282822	0.281395	0.280113	0.274868	0.277210	0.273043	0.280368	0.276194	0.273566	0.274363	0.269134	0.273736	0.270495	0.277228	0.275756	0.273734	0.267846	0.270008	0.277821	0.274615	0.277016	0.279016	0.277779	0.275914	0.275853	0.274264	0.274745	0.277622	0.277312	0.278195	0.275332	0.277737	0.275036	0.275263	0.279934	0.279790	0.278429	0.277693	0.277556	0.278409	0.277455	0.277222	0.278332	0.274196	0.278544	0.277111	0.281316	0.278547	0.279755	0.282609	0.279065	0.275518	0.278868	0.281979	0.273799	0.279457	0.277362	0.278998	0.278778	0.275119	0.280100	0.279362	0.278017	0.275883	0.276412	0.274828	0.276264	0.276744	0.277722	0.281301	0.280892	0.274056	0.279078	0.277618	0.274253	0.279119	0.275693	0.279749	0.279830	0.277779	0.272885	0.276788	0.278118	0.277856	0.280292	0.273986	0.274681	0.277874	0.276373	0.276480	0.274233	0.276259	0.276512	0.272620	0.275067	0.280938	0.277631	0.280055	0.274758	0.274645	0.284575	0.276138	0.277069	0.275723	0.276692	0.274497	0.278381	0.280066	0.278093	0.276411	0.282900	0.279777	0.273597	0.279331	0.275696	0.278439	0.279882	0.276552	0.278698	0.272378	0.280859	0.276049	0.280282	0.284045	0.278408	0.272962	0.276264	0.280663	
0.271897	0.269955	0.273320	0.276143	0.272978	0.277841	0.277333	0.274851	0.272113	0.000000	0.269908	0.274738	0.272696	0.276155	0.267407	0.272315	0.274099	0.276084	0.276340	0.272941	0.270968	0.270423	0.271891	0.273370	0.273518	0.272461	0.271541	0.278075	0.277148	0.270541	0.275123	0.271830	0.273020	0.272081	0.271671	0.272082	0.266923	0.273743	0.275047	0.272596	0.273790	0.270276	0.274063	0.267578	0.276085	0.271680	0.273617	0.273796	0.271522	0.274183	0.272353	0.275855	0.273499	0.273844	0.275641	0.279881	0.275627	0.272615	0.271370	0.276069	0.277470	0.277072	0.275372	0.266730	0.272212	0.274266	0.271135	0.271469	0.271674	0.274561	0.274952	0.277087	0.280773	0.270951	0.273436	0.270864	0.274075	0.271762	0.274399	0.274756	0.269282	0.272558	0.273152	0.269497	0.274129	0.271815	0.271503	0.267454	0.272691	0.272914	0.274264	0.276084	0.277160	0.273063	0.274057	0.271135	0.271074	0.278309	0.273166	0.279349	0.275756	0.275615	0.276080	0.274121	0.274397	0.277541	0.275597	0.277390	0.275811	0.275904	0.275411	0.277865	0.276042	0.273074	0.277375	0.280462	0.278075	0.280507	0.275778	0.279520	0.276400	0.275667	0.276737	0.279536	0.274234	0.278862	0.273358	0.275675	0.275839	0.275924	0.274801	0.279981	0.275356	0.271003	0.277049	0.274630	0.278083	0.277830	0.276927	0.273790	0.277299	0.274061	0.274930	0.274893	0.280400	0.277902	0.274824	0.274059	0.277258	0.274315	0.271900	0.279413	0.277999	0.276436	0.276214	0.275971	0.274304	0.276770	0.276565	0.276523	0.273104	0.273233	0.275422	0.272638	0.275179	0.276696	0.280735	0.275068	0.273427	0.274263	0.279649	0.276887	0.276665	0.276229	0.276927	0.274170	0.271457	0.277566	0.277593	0.279371	0.279813	0.279316	0.272301	0.278961	0.277503	0.277809	0.276204	0.274632	0.273096	0.273313	0.276508	0.274590	0.276287	0.277940	0.276474	0.272160	0.274201	0.278759	
0.271807	0.273959	0.277006	0.280042	0.275220	0.277921	0.276904	0.274855	0.275752	0.269908	0.000000	0.274393	0.276784	0.278601	0.273160	0.274990	0.275299	0.277735	0.277713	0.274548	0.277661	0.274071	0.276135	0.274336	0.274442	0.277478	0.274352	0.282840	0.279545	0.274088	0.275692	0.274639	0.277910	0.273975	0.275453	0.273806	0.276354	0.278221	0.281324	0.274757	0.276524	0.276266	0.279880	0.273095	0.276677	0.276278	0.275168	0.277932	0.275093	0.275010	0.275098	0.277265	0.277380	0.276348	0.278874	0.283520	0.276559	0.274724	0.273523	0.278948	0.275105	0.277612	0.279234	0.272631	0.277222	0.276127	0.272152	0.276153	0.276771	0.278353	0.283536	0.280945	0.281911	0.276451	0.278819	0.276281	0.278949	0.277593	0.274462	0.278423	0.274226	0.276227	0.272570	0.274249	0.278203	0.274313	0.271190	0.265836	0.275082	0.275757	0.276766	0.276695	0.282920	0.280836	0.282505	0.273755	0.274584	0.279837	0.278363	0.283167	0.278080	0.277522	0.277589	0.280259	0.278312	0.280944	0.278923	0.280844	0.280525	0.278988	0.283250	0.277818	0.280995	0.279145	0.282085	0.281100	0.282303	0.282332	0.280127	0.284935	0.278469	0.279032	0.277762	0.280069	0.277059	0.282471	0.276400	0.280442	0.280129	0.277827	0.279405	0.283707	0.278710	0.278331	0.280030	0.276233	0.279366	0.278608	0.278481	0.279204	0.281820	0.275405	0.279837	0.277697	0.278595	0.279326	0.277063	0.282196	0.278971	0.275187	0.273163	0.280749	0.281097	0.278272	0.282110	0.281256	0.277310	0.279004	0.280739	0.278727	0.279658	0.276417	0.281213	0.278927	0.278595	0.280433	0.281815	0.279668	0.280245	0.278554	0.283050	0.280261	0.274766	0.278228	0.276929	0.278691	0.275389	0.278942	0.280971	0.277501	0.281753	0.281944	0.277627	0.279490	0.280316	0.279166	0.278289	0.282275	0.279163	0.274014	0.280927	0.278502	0.279339	0.285034	0.280057	0.278394	0.277764	0.281409	
0.270442	0.269896	0.278346	0.279378	0.274180	0.279208	0.277692	0.270501	0.273958	0.274738	0.274393	0.000000	0.272065	0.275058	0.272998	0.273349	0.274272	0.274516	0.281436	0.277088	0.273851	0.271790	0.274562	0.271902	0.274259	0.271913	0.273317	0.281773	0.277617	0.274513	0.274395	0.269149	0.273215	0.272395	0.279534	0.273433	0.271758	0.271935	0.277848	0.272024	0.272367	0.275119	0.272294	0.268894	0.273912	0.271744	0.269506	0.273006	0.275559	0.276205	0.273712	0.272836	0.275714	0.275916	0.275794	0.281441	0.271654	0.272930	0.272450	0.273581	0.274848	0.277072	0.280445	0.267774	0.273082	0.275240	0.268501	0.274726	0.272036	0.271743	0.277994	0.280589	0.277526	0.272225	0.275000	0.272296	0.276158	0.277682	0.272800	0.275686	0.270574	0.273745	0.271182	0.273291	0.276242	0.272879	0.268995	0.271658	0.273893	0.274923	0.278435	0.279633	0.276605	0.276831	0.273568	0.272298	0.272467	0.275986	0.279379	0.277559	0.277838	0.279754	0.275020	0.271511	0.278353	0.276797	0.280155	0.279153	0.277049	0.275867	0.275943	0.274423	0.281561	0.275783	0.276058	0.274806	0.281287	0.277474	0.279291	0.277914	0.276262	0.278277	0.276356	0.276526	0.273625	0.277884	0.277533	0.281410	0.275201	0.273597	0.277963	0.279487	0.275126	0.276074	0.276714	0.274131	0.278037	0.279005	0.278283	0.275569	0.279013	0.274594	0.279426	0.274400	0.275843	0.278708	0.274396	0.277816	0.276054	0.273262	0.272850	0.278216	0.279088	0.276262	0.280399	0.276773	0.274985	0.274144	0.277695	0.274642	0.273960	0.276899	0.278601	0.274717	0.278539	0.278062	0.281861	0.276897	0.273271	0.276996	0.281649	0.278364	0.276952	0.278580	0.278985	0.275497	0.278884	0.273275	0.279473	0.274956	0.277821	0.276997	0.275466	0.276323	0.273967	0.275369	0.274792	0.275282	0.278837	0.271645	0.277089	0.276998	0.277765	0.280812	0.277250	0.274470	0.273205	0.278268	
0.267794	0.270853	0.276027	0.262303	0.271951	0.275904	0.275791	0.274828	0.271423	0.272696	0.276784	0.272065	0.000000	0.279240	0.273228	0.273991	0.275414	0.274440	0.273600	0.275446	0.276805	0.272230	0.277321	0.273146	0.275564	0.277661	0.273070	0.275333	0.273336	0.275076	0.273372	0.276327	0.271678	0.273246	0.274721	0.275761	0.269434	0.272649	0.271004	0.275131	0.279558	0.273475	0.273488	0.274478	0.276072	0.276910	0.274782	0.276007	0.280152	0.277832	0.273333	0.273922	0.278190	0.278826	0.273270	0.275591	0.273959	0.276524	0.271939	0.278372	0.277050	0.275045	0.276108	0.266387	0.273035	0.274224	0.270858	0.275291	0.277441	0.272514	0.276195	0.281644	0.274486	0.277090	0.275284	0.270726	0.276555	0.280349	0.273773	0.276288	0.274307	0.276384	0.272215	0.271943	0.274004	0.268085	0.272493	0.271568	0.276519	0.273971	0.277292	0.276190	0.277254	0.277219	0.275094	0.274836	0.275928	0.276872	0.282306	0.279549	0.279846	0.279616	0.279322	0.278363	0.279329	0.280120	0.277410	0.269449	0.276676	0.274909	0.276395	0.275111	0.282186	0.277904	0.277424	0.279169	0.281940	0.278473	0.278669	0.278569	0.280043	0.279053	0.278295	0.281883	0.271477	0.277159	0.279039	0.278810	0.279571	0.277643	0.276490	0.279946	0.277146	0.280322	0.277394	0.274560	0.279652	0.273222	0.276670	0.275253	0.273992	0.277880	0.283379	0.277615	0.275285	0.281363	0.276889	0.278097	0.278489	0.275371	0.273829	0.275461	0.277367	0.276235	0.281177	0.277069	0.277219	0.275289	0.275394	0.277331	0.281015	0.279625	0.279246	0.275217	0.276717	0.274109	0.275092	0.277372	0.279277	0.281849	0.280599	0.276527	0.278379	0.276370	0.278838	0.273227	0.274134	0.275881	0.281858	0.274550	0.277668	0.277779	0.273364	0.277508	0.277341	0.272800	0.279103	0.279978	0.277601	0.271603	0.277675	0.276133	0.274787	0.278223	0.280354	0.260467	0.276739	0.283191	
0.273827	0.275847	0.280031	0.278524	0.275724	0.279030	0.276005	0.278271	0.276374	0.276155	0.278601	0.275058	0.279240	0.000000	0.275779	0.275250	0.282956	0.280108	0.279825	0.278611	0.279786	0.275806	0.277468	0.273214	0.274303	0.277904	0.277244	0.281301	0.279372	0.271467	0.273204	0.275793	0.273788	0.274924	0.277095	0.274983	0.274981	0.279878	0.279886	0.277787	0.275140	0.275207	0.275726	0.275837	0.282412	0.276864	0.274386	0.279708	0.278324	0.278102	0.276536	0.279176	0.277935	0.278715	0.281097	0.283687	0.278331	0.275535	0.275445	0.280942	0.280480	0.281069	0.278544	0.275328	0.276282	0.274648	0.274235	0.276690	0.275037	0.274803	0.280703	0.271013	0.281946	0.276390	0.279043	0.274254	0.279094	0.277092	0.277766	0.277533	0.277526	0.278434	0.276191	0.277330	0.279494	0.272359	0.275421	0.271653	0.280222	0.278023	0.278484	0.279367	0.281525	0.282567	0.281225	0.277122	0.279124	0.283886	0.279167	0.279569	0.280874	0.281089	0.279598	0.282275	0.280678	0.279525	0.281597	0.285091	0.282184	0.282175	0.279787	0.277742	0.277398	0.280357	0.279905	0.280108	0.285492	0.282925	0.279481	0.285118	0.279639	0.279386	0.276991	0.280911	0.279269	0.281010	0.281100	0.283316	0.282158	0.278358	0.278981	0.282913	0.278958	0.275391	0.282492	0.279463	0.283011	0.281923	0.280113	0.283633	0.281770	0.280203	0.281322	0.280812	0.278654	0.282127	0.280672	0.280540	0.280790	0.278660	0.275555	0.280430	0.281770	0.277926	0.279763	0.279647	0.280773	0.280389	0.281416	0.281525	0.280426	0.279169	0.279391	0.281061	0.282770	0.278091	0.279551	0.280607	0.279339	0.279097	0.282903	0.281572	0.280321	0.280814	0.281096	0.279446	0.281090	0.280450	0.281961	0.278081	0.282873	0.279988	0.276070	0.280836	0.278923	0.282118	0.280074	0.280044	0.278872	0.278410	0.282832	0.283699	0.281593	0.285812	0.282644	0.282816	0.276130	0.267889	
0.269878	0.272769	0.275009	0.277125	0.273711	0.274949	0.274892	0.272203	0.274393	0.267407	0.273160	0.272998	0.273228	0.275779	0.000000	0.272914	0.278809	0.276706	0.279514	0.275807	0.273313	0.272616	0.273559	0.271171	0.275161	0.275392	0.272452	0.277210	0.278573	0.270876	0.276250	0.273632	0.274696	0.271447	0.272341	0.275237	0.274682	0.272859	0.278530	0.271398	0.279761	0.272121	0.274365	0.270487	0.279273	0.277029	0.272297	0.277103	0.275803	0.275689	0.276608	0.272784	0.276774	0.276229	0.274722	0.279038	0.275556	0.273851	0.273295	0.275742	0.276836	0.277425	0.274794	0.270378	0.269382	0.274440	0.269853	0.275262	0.271710	0.279595	0.274955	0.275741	0.276742	0.274874	0.275100	0.271964	0.274608	0.277077	0.274648	0.279254	0.270805	0.269903	0.273871	0.272566	0.274377	0.269046	0.268158	0.273929	0.276021	0.275020	0.274511	0.275526	0.276036	0.275490	0.277875	0.271471	0.271365	0.277397	0.275395	0.277223	0.277402	0.276248	0.274606	0.278625	0.275787	0.277089	0.274822	0.277844	0.279314	0.276794	0.277557	0.277851	0.279999	0.274803	0.282096	0.278369	0.278405	0.280011	0.278673	0.280449	0.276505	0.275899	0.277425	0.283025	0.274098	0.282789	0.276226	0.278885	0.275564	0.273699	0.279238	0.281995	0.278862	0.275452	0.279773	0.276124	0.276667	0.281024	0.275765	0.279941	0.278042	0.271054	0.279901	0.276417	0.276251	0.277691	0.275132	0.278126	0.277174	0.275031	0.273414	0.277752	0.280581	0.276939	0.280835	0.275757	0.276843	0.278106	0.278436	0.277333	0.277219	0.271542	0.279816	0.276568	0.277970	0.280703	0.280005	0.278871	0.276114	0.277617	0.282154	0.277747	0.276666	0.278914	0.281057	0.274933	0.276204	0.279263	0.277953	0.277296	0.280957	0.279860	0.275230	0.279422	0.278297	0.279699	0.279587	0.278358	0.278360	0.275369	0.278385	0.277766	0.276321	0.278200	0.277104	0.276542	0.278344	0.279809	
0.270497	0.276490	0.277473	0.279486	0.274374	0.279094	0.273219	0.273160	0.274529	0.272315	0.274990	0.273349	0.273991	0.275250	0.272914	0.000000	0.278576	0.273133	0.278521	0.277463	0.275733	0.256666	0.272696	0.272796	0.276993	0.273671	0.274011	0.280338	0.278699	0.272123	0.275698	0.275061	0.272321	0.273695	0.275226	0.272300	0.269608	0.277099	0.275278	0.277684	0.272626	0.273176	0.275047	0.272026	0.277754	0.277883	0.274371	0.275772	0.277715	0.276335	0.273876	0.277651	0.275698	0.279181	0.276671	0.279249	0.276466	0.272980	0.274882	0.277231	0.277516	0.274286	0.275334	0.274412	0.271404	0.273237	0.273459	0.274157	0.274224	0.277147	0.277222	0.276933	0.280035	0.274285	0.278408	0.274532	0.277591	0.277187	0.273608	0.278455	0.274195	0.273834	0.271778	0.275983	0.275444	0.268630	0.269504	0.272116	0.275679	0.275394	0.276282	0.275545	0.277197	0.277559	0.278167	0.275863	0.273494	0.279717	0.276940	0.278991	0.280640	0.275105	0.275999	0.274363	0.275588	0.277441	0.278704	0.279165	0.280470	0.276906	0.280980	0.277425	0.278542	0.274866	0.281727	0.278523	0.279633	0.278303	0.277004	0.279449	0.276616	0.276090	0.277758	0.281343	0.275659	0.280703	0.277607	0.277928	0.277507	0.271613	0.279964	0.278966	0.277542	0.277613	0.276052	0.274668	0.280286	0.275093	0.280065	0.280061	0.278135	0.274295	0.278789	0.277707	0.275698	0.280774	0.276849	0.278495	0.278987	0.274770	0.270586	0.276821	0.282310	0.275305	0.279858	0.279098	0.280084	0.276710	0.280881	0.274329	0.280974	0.274183	0.276446	0.277298	0.280174	0.273412	0.280401	0.277390	0.275270	0.274242	0.285276	0.280102	0.278523	0.278405	0.278677	0.277531	0.276897	0.280152	0.280477	0.278292	0.281159	0.277468	0.275522	0.278615	0.280348	0.278259	0.276595	0.275761	0.277799	0.274763	0.278718	0.278166	0.277210	0.280556	0.278459	0.275258	0.276303	0.282751	
0.269280	0.274351	0.280297	0.282066	0.274535	0.280605	0.281815	0.275096	0.273387	0.274099	0.275299	0.274272	0.275414	0.282956	0.278809	0.278576	0.000000	0.278358	0.279383	0.277241	0.279382	0.273957	0.273843	0.275586	0.277950	0.276241	0.274527	0.282573	0.279140	0.276691	0.274407	0.274768	0.275263	0.275127	0.280586	0.274548	0.275857	0.278980	0.277366	0.276838	0.276007	0.277177	0.275536	0.272108	0.279550	0.276611	0.271953	0.275148	0.261468	0.281141	0.277404	0.278352	0.279767	0.280384	0.276354	0.281847	0.276517	0.273346	0.277027	0.279084	0.278532	0.277513	0.280367	0.275096	0.271451	0.277771	0.271488	0.275912	0.275855	0.280053	0.279257	0.282857	0.281521	0.273042	0.281061	0.274491	0.277949	0.278678	0.274232	0.278187	0.275339	0.275490	0.272567	0.278902	0.277067	0.275050	0.271628	0.273593	0.276647	0.276099	0.276686	0.281864	0.278821	0.276752	0.276381	0.275886	0.273749	0.284302	0.269532	0.280629	0.280445	0.276434	0.281245	0.277424	0.275683	0.282101	0.281358	0.275709	0.283362	0.278159	0.284250	0.280764	0.282468	0.281333	0.279187	0.279268	0.280360	0.280963	0.280942	0.280628	0.279012	0.278897	0.278878	0.278106	0.274051	0.285019	0.279163	0.283088	0.279068	0.275315	0.279677	0.283552	0.278972	0.282543	0.277275	0.278142	0.260769	0.281502	0.280099	0.280005	0.277235	0.276658	0.281877	0.277860	0.279116	0.266063	0.276939	0.280717	0.278975	0.276438	0.274486	0.278810	0.282515	0.277732	0.281925	0.279108	0.278721	0.278046	0.278929	0.279483	0.278630	0.279677	0.277841	0.279699	0.276967	0.281338	0.284367	0.278917	0.277368	0.283179	0.283723	0.278585	0.279350	0.274544	0.259672	0.277104	0.278632	0.280846	0.278877	0.279088	0.281933	0.281225	0.276061	0.279391	0.270721	0.278209	0.279423	0.280353	0.283350	0.276329	0.283308	0.278904	0.280984	0.282216	0.280670	0.276121	0.264774	0.282695	
0.270812	0.274050	0.276427	0.277542	0.274329	0.278653	0.278035	0.274635	0.276247	0.276084	0.277735	0.274516	0.274440	0.280108	0.276706	0.273133	0.278358	0.000000	0.281701	0.275759	0.278802	0.275793	0.277176	0.279198	0.276249	0.278915	0.276214	0.283052	0.279019	0.277529	0.277687	0.275576	0.274579	0.276242	0.277308	0.275948	0.276042	0.277457	0.273457	0.278941	0.278397	0.278731	0.276338	0.273707	0.279828	0.274157	0.274585	0.275053	0.282258	0.278330	0.279586	0.280268	0.275764	0.273026	0.276091	0.281992	0.275882	0.273891	0.276800	0.279171	0.278456	0.277042	0.282238	0.273791	0.273709	0.271589	0.273956	0.274811	0.279071	0.277755	0.277636	0.281252	0.280214	0.277304	0.277933	0.276662	0.277399	0.278488	0.274054	0.278880	0.276265	0.278052	0.274079	0.275476	0.276803	0.274842	0.272338	0.274129	0.277948	0.278551	0.276523	0.278111	0.276842	0.280293	0.278615	0.274501	0.273442	0.276768	0.282646	0.282173	0.281641	0.276569	0.278042	0.278260	0.277797	0.279284	0.281634	0.281416	0.283292	0.277524	0.280569	0.281650	0.282353	0.278607	0.277872	0.280701	0.281494	0.281142	0.280443	0.282446	0.282134	0.276815	0.276688	0.280679	0.274909	0.279727	0.279765	0.279767	0.278464	0.276846	0.280462	0.280723	0.278265	0.277376	0.276974	0.280514	0.282371	0.281693	0.279082	0.278174	0.278717	0.276599	0.276547	0.278263	0.276421	0.283734	0.278987	0.281849	0.279053	0.277152	0.273705	0.280854	0.280268	0.273577	0.280224	0.276764	0.279284	0.280441	0.279370	0.278383	0.278419	0.278445	0.280781	0.278042	0.281233	0.279377	0.281813	0.282423	0.278798	0.278939	0.285131	0.280538	0.279132	0.281538	0.279158	0.276738	0.279783	0.280924	0.280498	0.277470	0.283420	0.280820	0.273355	0.279326	0.277560	0.278376	0.278236	0.277689	0.276633	0.277130	0.281996	0.281138	0.278648	0.282130	0.281518	0.272311	0.278720	0.281364	
0.273833	0.274415	0.281396	0.281618	0.276395	0.278311	0.275823	0.274958	0.276634	0.276340	0.277713	0.281436	0.273600	0.279825	0.279514	0.278521	0.279383	0.281701	0.000000	0.276099	0.277921	0.275644	0.275072	0.276866	0.256653	0.274452	0.274752	0.281002	0.263789	0.277550	0.276113	0.277856	0.275415	0.277508	0.276870	0.277242	0.274565	0.277358	0.280453	0.280367	0.280271	0.277393	0.277378	0.277194	0.280564	0.279447	0.278455	0.278790	0.277380	0.275331	0.278790	0.280655	0.278594	0.281649	0.280511	0.281649	0.276663	0.274954	0.279532	0.280165	0.282604	0.276567	0.277061	0.272592	0.274392	0.279171	0.272925	0.278426	0.276854	0.278625	0.280945	0.282425	0.280532	0.275384	0.284160	0.277075	0.280963	0.278010	0.278816	0.281987	0.276951	0.278920	0.274562	0.274589	0.277478	0.273391	0.272111	0.271324	0.276035	0.277877	0.276959	0.279038	0.280567	0.280689	0.279610	0.272919	0.277867	0.280835	0.281469	0.282730	0.280833	0.282338	0.280604	0.280845	0.280646	0.283076	0.283489	0.262717	0.280827	0.277695	0.279604	0.280525	0.283864	0.279771	0.282803	0.280849	0.281317	0.279079	0.281476	0.284491	0.283711	0.283391	0.278803	0.278193	0.276789	0.265749	0.278165	0.283298	0.280763	0.281747	0.281840	0.279646	0.282340	0.280186	0.281833	0.278663	0.279905	0.278022	0.283226	0.277571	0.281282	0.278982	0.283033	0.279513	0.280696	0.283478	0.277542	0.282441	0.279223	0.277387	0.273456	0.280199	0.283789	0.278095	0.280080	0.280119	0.278169	0.277813	0.282287	0.282075	0.279562	0.278881	0.278216	0.281439	0.280515	0.279825	0.282979	0.279394	0.280082	0.280988	0.282907	0.281524	0.280105	0.277394	0.282278	0.275399	0.281273	0.278809	0.282005	0.276694	0.282484	0.281264	0.277112	0.282163	0.282213	0.281511	0.279035	0.278211	0.280041	0.277130	0.278578	0.280542	0.280012	0.280133	0.281249	0.280583	0.278725	0.283758	
0.268656	0.274042	0.276591	0.274533	0.276606	0.277523	0.276103	0.274413	0.274600	0.272941	0.274548	0.277088	0.275446	0.278611	0.275807	0.277463	0.277241	0.275759	0.276099	0.000000	0.274329	0.276755	0.275259	0.274603	0.276812	0.275818	0.274933	0.282139	0.280021	0.276302	0.273041	0.272544	0.272489	0.273917	0.278736	0.276665	0.273484	0.276281	0.276962	0.280367	0.277371	0.276052	0.276520	0.271561	0.278149	0.277974	0.272864	0.276028	0.277859	0.276047	0.277983	0.279527	0.275945	0.277281	0.276016	0.280449	0.274306	0.271140	0.277459	0.277979	0.275251	0.278067	0.278446	0.269547	0.270625	0.274585	0.271982	0.275754	0.272663	0.279234	0.278041	0.281340	0.277033	0.272629	0.277991	0.275121	0.281083	0.275293	0.273683	0.279445	0.269342	0.273699	0.269636	0.278349	0.276278	0.273509	0.266064	0.271191	0.275898	0.276882	0.277337	0.277832	0.278407	0.280486	0.274064	0.275638	0.274919	0.276037	0.280779	0.276668	0.277756	0.281153	0.280405	0.279626	0.276366	0.281279	0.280901	0.282445	0.280460	0.280634	0.280169	0.276155	0.279798	0.277826	0.278427	0.279736	0.279057	0.280210	0.279401	0.281258	0.277317	0.276917	0.277960	0.279939	0.274468	0.280498	0.279212	0.281658	0.277797	0.277551	0.277559	0.279988	0.276101	0.274757	0.277482	0.274456	0.280480	0.278879	0.279796	0.278497	0.278618	0.279219	0.277491	0.276954	0.276314	0.281974	0.278407	0.278622	0.276247	0.276776	0.274884	0.277052	0.281592	0.277455	0.280832	0.278398	0.277051	0.272208	0.278617	0.281754	0.279119	0.277502	0.279334	0.278436	0.279551	0.280538	0.282046	0.280244	0.279398	0.277994	0.281024	0.276760	0.277954	0.279468	0.279727	0.278514	0.279475	0.277982	0.278878	0.278699	0.282069	0.277947	0.272272	0.280465	0.275471	0.277728	0.279323	0.279905	0.277712	0.274876	0.281250	0.275246	0.281378	0.281027	0.278262	0.276863	0.279614	0.282266	
0.271519	0.273849	0.276817	0.278487	0.276230	0.268309	0.278950	0.274064	0.276888	0.270968	0.277661	0.273851	0.276805	0.279786	0.273313	0.275733	0.279382	0.278802	0.277921	0.274329	0.000000	0.275865	0.278865	0.276568	0.276202	0.278787	0.271737	0.280978	0.280592	0.275482	0.279352	0.275688	0.275573	0.274704	0.277763	0.275696	0.276039	0.276810	0.273835	0.280132	0.278701	0.278696	0.278279	0.272193	0.270719	0.276758	0.277664	0.267723	0.277350	0.275063	0.276661	0.266499	0.277899	0.277540	0.280035	0.268692	0.278352	0.276868	0.277359	0.280173	0.280335	0.277889	0.279112	0.269873	0.274257	0.278149	0.272883	0.277789	0.276790	0.278447	0.280486	0.281580	0.273014	0.275097	0.271313	0.274816	0.270735	0.278424	0.275721	0.280118	0.275185	0.275066	0.275245	0.265213	0.277876	0.271044	0.270277	0.268882	0.277751	0.277107	0.276329	0.281633	0.273036	0.280702	0.272122	0.275502	0.274925	0.281074	0.279415	0.277687	0.281557	0.278647	0.278930	0.279514	0.281464	0.270934	0.281253	0.269402	0.281482	0.277940	0.270567	0.280381	0.283578	0.278945	0.282681	0.280966	0.282799	0.280839	0.282775	0.278889	0.282561	0.279039	0.277427	0.281325	0.278331	0.281544	0.280483	0.270247	0.277239	0.278447	0.283838	0.282761	0.279950	0.278415	0.281645	0.278239	0.281119	0.280811	0.279931	0.280727	0.277869	0.277371	0.279939	0.281106	0.276695	0.283473	0.278334	0.284425	0.280596	0.277606	0.275738	0.280088	0.275355	0.265838	0.283668	0.279770	0.279496	0.279471	0.280513	0.271793	0.278006	0.276355	0.277786	0.280291	0.278816	0.282156	0.281900	0.281417	0.279538	0.279410	0.286242	0.279468	0.280927	0.283509	0.280519	0.280003	0.275833	0.280035	0.281509	0.282274	0.273957	0.279799	0.277246	0.280292	0.278346	0.270422	0.279068	0.281698	0.278096	0.275809	0.281178	0.279520	0.280703	0.272486	0.279416	0.277206	0.278517	0.284862	
0.271847	0.274543	0.275388	0.278622	0.272690	0.278723	0.276354	0.273831	0.275180	0.270423	0.274071	0.271790	0.272230	0.275806	0.272616	0.256666	0.273957	0.275793	0.275644	0.276755	0.275865	0.000000	0.275731	0.273231	0.274668	0.273519	0.273342	0.279842	0.274791	0.275150	0.273159	0.270690	0.273391	0.274802	0.277003	0.275227	0.273557	0.273124	0.277123	0.273315	0.276241	0.270135	0.274410	0.269854	0.275759	0.274143	0.272909	0.278430	0.278445	0.275540	0.275813	0.276132	0.275891	0.275192	0.273654	0.277451	0.275733	0.271468	0.273189	0.275538	0.276249	0.277222	0.276520	0.270075	0.273803	0.273331	0.267903	0.275339	0.273836	0.276798	0.277887	0.277816	0.275576	0.273906	0.277289	0.273766	0.276425	0.277532	0.272981	0.276845	0.270872	0.274101	0.272028	0.274511	0.273954	0.268570	0.270771	0.268854	0.274598	0.274410	0.272909	0.276069	0.276672	0.274314	0.273785	0.274758	0.273965	0.278671	0.279999	0.277405	0.280082	0.274738	0.278587	0.276475	0.277448	0.278244	0.279480	0.277244	0.273903	0.277716	0.273445	0.277096	0.280178	0.276269	0.279455	0.279002	0.276468	0.278071	0.279034	0.279445	0.278428	0.278060	0.276914	0.278087	0.272162	0.277260	0.273322	0.281013	0.275990	0.273814	0.280394	0.280797	0.275121	0.274237	0.277777	0.276056	0.276593	0.277295	0.277345	0.276400	0.278734	0.274994	0.279775	0.276589	0.277237	0.278474	0.272382	0.279336	0.277319	0.272656	0.274252	0.278427	0.279175	0.275030	0.274339	0.276633	0.275631	0.276136	0.280077	0.277235	0.277245	0.277820	0.277295	0.276924	0.278516	0.278250	0.278840	0.276416	0.277283	0.278221	0.281634	0.279237	0.278464	0.275077	0.277378	0.272983	0.278343	0.277752	0.277441	0.276333	0.277632	0.278835	0.274002	0.275581	0.278071	0.276212	0.278350	0.278435	0.276343	0.272116	0.275211	0.279176	0.276363	0.279877	0.274371	0.275546	0.277568	0.281089	
