0.000000	0.255474	0.256469	0.256509	0.256720	0.254444	0.255120	0.257125	0.256544	0.255513	0.255625	0.255839	0.255885	0.255299	0.255514	0.256405	0.256141	0.255833	0.256509	0.257309	0.256147	0.255733	0.257063	0.257778	0.255588	0.256234	0.255974	0.253495	0.258239	0.256336	0.256108	0.255763	0.256946	0.255872	0.257298	0.257268	0.255075	0.255464	0.255889	0.256440	0.256703	0.255295	0.255419	0.256754	0.256043	0.256570	0.255339	0.255215	0.256268	0.254305	0.255836	0.256515	0.255929	0.252035	0.255479	0.254728	0.254830	0.253798	0.257295	0.255226	0.256051	0.256186	0.255842	0.255328	0.257211	0.256518	0.255297	0.256391	0.254794	0.257146	0.256892	0.254965	0.255285	0.257253	0.254723	0.256099	0.255654	0.256977	0.255614	0.256463	0.256668	0.257160	0.255297	0.256033	0.255862	0.252633	0.255375	0.256684	0.257581	0.257930	0.256241	0.257008	0.253179	0.256143	0.255145	0.255767	0.257363	0.256009	0.256849	0.254561	0.257251	
0.255474	0.000000	0.255918	0.254721	0.255928	0.254837	0.255572	0.254357	0.256468	0.255763	0.256123	0.256582	0.255594	0.254715	0.255409	0.256256	0.254933	0.256494	0.256724	0.256371	0.255744	0.255072	0.257169	0.257164	0.256350	0.256241	0.254707	0.254700	0.258239	0.257087	0.256531	0.255133	0.255773	0.255048	0.257262	0.258053	0.254149	0.253730	0.255292	0.252942	0.256067	0.255315	0.256022	0.256118	0.254517	0.255396	0.254718	0.255107	0.254319	0.255563	0.256368	0.257095	0.256509	0.251880	0.255928	0.255710	0.254892	0.256665	0.256043	0.254980	0.255682	0.256056	0.256392	0.255807	0.254911	0.254744	0.257287	0.256107	0.255695	0.256260	0.258502	0.255267	0.255043	0.254012	0.257375	0.255990	0.257136	0.256954	0.255845	0.256597	0.257906	0.256432	0.255570	0.256634	0.256068	0.254263	0.254896	0.254787	0.255808	0.258050	0.256946	0.255871	0.253576	0.256531	0.255928	0.254804	0.256537	0.256830	0.255599	0.252560	0.257367	
0.256469	0.255918	0.000000	0.255876	0.256810	0.255912	0.255653	0.255618	0.256265	0.256393	0.256930	0.253467	0.257335	0.254331	0.256347	0.255847	0.256151	0.256334	0.257969	0.256480	0.257047	0.255564	0.256059	0.256876	0.257405	0.255884	0.256374	0.254138	0.258820	0.256258	0.256475	0.256818	0.251917	0.256582	0.256695	0.257927	0.254780	0.255297	0.256594	0.257572	0.256017	0.256269	0.256191	0.255657	0.254074	0.257956	0.255321	0.255862	0.256381	0.254319	0.256935	0.250418	0.255886	0.251361	0.256484	0.257306	0.254050	0.255633	0.256769	0.256660	0.255887	0.255623	0.256214	0.254845	0.255600	0.255748	0.256596	0.256655	0.255508	0.254847	0.256444	0.257139	0.255791	0.255296	0.256182	0.256129	0.256165	0.256354	0.257130	0.255754	0.256635	0.256070	0.257001	0.255857	0.257032	0.255585	0.256228	0.255541	0.257518	0.256430	0.256226	0.255778	0.254202	0.257100	0.256700	0.255899	0.256892	0.256349	0.255397	0.256154	0.257489	
0.256509	0.254721	0.255876	0.000000	0.255878	0.256119	0.255313	0.254395	0.256638	0.255089	0.254798	0.256123	0.255255	0.256208	0.256723	0.257709	0.254814	0.257516	0.257076	0.255152	0.256631	0.254282	0.256020	0.255715	0.256541	0.256079	0.254563	0.254461	0.257893	0.256111	0.256668	0.255383	0.256783	0.256871	0.257962	0.256360	0.254643	0.255229	0.255077	0.256749	0.255896	0.256627	0.256310	0.255131	0.255224	0.257659	0.255988	0.255138	0.254223	0.255848	0.256545	0.258263	0.255825	0.253211	0.256995	0.256820	0.255198	0.256406	0.255927	0.255811	0.254792	0.255997	0.257114	0.254905	0.254912	0.255102	0.256719	0.256836	0.256306	0.256592	0.257041	0.255689	0.254457	0.256527	0.256409	0.255389	0.255992	0.256792	0.256549	0.256798	0.255858	0.255017	0.255683	0.257878	0.255232	0.254398	0.256054	0.256103	0.256683	0.255937	0.255869	0.255369	0.254539	0.256365	0.254423	0.255033	0.256209	0.255209	0.255297	0.255485	0.255488	
0.256720	0.255928	0.256810	0.255878	0.000000	0.255693	0.254794	0.256434	0.257308	0.255768	0.256678	0.255470	0.256453	0.256498	0.256726	0.253597	0.255952	0.256486	0.257206	0.258219	0.257267	0.256900	0.257770	0.258492	0.256357	0.256454	0.256128	0.254810	0.257745	0.256636	0.257440	0.256419	0.256932	0.257133	0.257135	0.256139	0.257129	0.255308	0.256179	0.256556	0.257278	0.253932	0.256466	0.256917	0.255906	0.257565	0.256089	0.256116	0.256894	0.254325	0.257235	0.256997	0.256719	0.253113	0.256669	0.253960	0.254882	0.257495	0.256745	0.255821	0.255789	0.255706	0.256545	0.255643	0.255559	0.258460	0.254138	0.256674	0.256661	0.257305	0.256642	0.256595	0.255730	0.256559	0.257865	0.256387	0.256370	0.256201	0.255746	0.256020	0.257149	0.256383	0.255833	0.255436	0.255556	0.254026	0.256308	0.256496	0.257492	0.256275	0.256154	0.256290	0.255003	0.256549	0.255356	0.254878	0.256703	0.258288	0.257696	0.254800	0.257287	
0.254444	0.254837	0.255912	0.256119	0.255693	0.000000	0.254698	0.254800	0.255161	0.254200	0.256075	0.254483	0.253682	0.253431	0.254659	0.255567	0.254677	0.258141	0.256236	0.257416	0.256083	0.255807	0.255799	0.256011	0.254473	0.254407	0.253930	0.254188	0.257840	0.255939	0.254452	0.254985	0.254521	0.255142	0.256282	0.256719	0.255125	0.252850	0.253906	0.255176	0.254471	0.256264	0.256076	0.255155	0.253820	0.255415	0.253562	0.255575	0.255601	0.254218	0.255430	0.256794	0.254547	0.251827	0.254431	0.254537	0.254304	0.254560	0.254459	0.254270	0.255429	0.255663	0.254356	0.254793	0.254931	0.254710	0.255552	0.256568	0.255056	0.254236	0.256008	0.254272	0.253646	0.254618	0.255186	0.253274	0.254516	0.255770	0.255678	0.254298	0.254765	0.254923	0.254921	0.254732	0.253600	0.253244	0.254063	0.254611	0.255263	0.256510	0.254672	0.255660	0.252011	0.256450	0.254593	0.253605	0.256389	0.255438	0.255225	0.255166	0.257570	
0.255120	0.255572	0.255653	0.255313	0.254794	0.254698	0.000000	0.256039	0.255716	0.254848	0.257428	0.254483	0.254414	0.255345	0.257083	0.256329	0.256180	0.256904	0.256683	0.256900	0.255242	0.255574	0.256406	0.256701	0.254884	0.256028	0.255450	0.253742	0.258588	0.256221	0.255488	0.255542	0.255347	0.256541	0.256383	0.256926	0.255147	0.254333	0.253037	0.255599	0.255566	0.256659	0.254943	0.256017	0.254002	0.256907	0.255901	0.254100	0.256678	0.255235	0.256570	0.256510	0.254989	0.252604	0.256601	0.255793	0.254483	0.255653	0.255310	0.255398	0.256102	0.255938	0.256116	0.254154	0.255266	0.255959	0.256795	0.256633	0.255778	0.256307	0.257494	0.255293	0.254577	0.256993	0.254758	0.256047	0.256115	0.256777	0.255879	0.255331	0.257066	0.256394	0.255711	0.256829	0.256897	0.254016	0.256476	0.255921	0.257956	0.257256	0.255168	0.255603	0.252925	0.257832	0.253808	0.254746	0.256731	0.256821	0.256932	0.254513	0.256434	
0.257125	0.254357	0.255618	0.254395	0.256434	0.254800	0.256039	0.000000	0.256226	0.254713	0.254246	0.256190	0.254875	0.256161	0.255193	0.256114	0.253609	0.256820	0.257035	0.256290	0.256560	0.254514	0.254958	0.254610	0.255924	0.255791	0.253825	0.253737	0.258972	0.256492	0.257121	0.256848	0.255261	0.256700	0.257035	0.256625	0.255368	0.254776	0.254110	0.257153	0.256683	0.254403	0.256354	0.255354	0.255351	0.255824	0.254912	0.255735	0.256065	0.254689	0.255777	0.255796	0.254824	0.250824	0.255760	0.256218	0.254689	0.255768	0.253773	0.254893	0.255959	0.255823	0.254029	0.255645	0.255337	0.254342	0.254868	0.255370	0.256211	0.255652	0.255568	0.255770	0.254782	0.255700	0.255401	0.254058	0.256254	0.257016	0.255893	0.256286	0.255840	0.255994	0.255837	0.254246	0.256252	0.254129	0.254366	0.256101	0.256115	0.256240	0.254943	0.253361	0.253661	0.256767	0.254954	0.254250	0.256657	0.254894	0.254807	0.254634	0.255668	
0.256544	0.256468	0.256265	0.256638	0.257308	0.255161	0.255716	0.256226	0.000000	0.255983	0.254565	0.257393	0.256729	0.256303	0.256798	0.258085	0.255846	0.257763	0.256965	0.257909	0.255473	0.255505	0.256638	0.257726	0.255309	0.256545	0.256144	0.253973	0.259937	0.257040	0.255269	0.255663	0.257573	0.257146	0.256996	0.257177	0.257458	0.255347	0.255350	0.257506	0.256580	0.257252	0.256516	0.256510	0.254648	0.256118	0.256471	0.255213	0.255591	0.254438	0.257032	0.257636	0.256171	0.253243	0.256406	0.256179	0.253090	0.255718	0.257684	0.255807	0.256935	0.255924	0.253336	0.256035	0.257452	0.256360	0.257027	0.257123	0.254788	0.256492	0.258567	0.257074	0.254900	0.258142	0.257579	0.256053	0.256755	0.256867	0.258068	0.257091	0.257513	0.257917	0.255082	0.254837	0.256475	0.252742	0.256121	0.256549	0.257386	0.257762	0.256971	0.255259	0.255048	0.257198	0.256637	0.256855	0.257116	0.256103	0.257145	0.257030	0.258381	
0.255513	0.255763	0.256393	0.255089	0.255768	0.254200	0.254848	0.254713	0.255983	0.000000	0.256820	0.254696	0.255953	0.255104	0.256452	0.255513	0.255008	0.255439	0.256910	0.255444	0.255221	0.255693	0.255265	0.257007	0.254456	0.254880	0.254596	0.253759	0.258624	0.254626	0.255344	0.256221	0.254473	0.255901	0.256650	0.257940	0.255101	0.255549	0.255217	0.255442	0.254906	0.255078	0.256534	0.255600	0.255262	0.254853	0.254785	0.255395	0.255298	0.254897	0.255403	0.256377	0.255023	0.252156	0.254809	0.256533	0.253985	0.254396	0.256018	0.256585	0.255340	0.255130	0.254550	0.254683	0.254969	0.255830	0.256042	0.254644	0.255419	0.254310	0.256916	0.255226	0.254235	0.255362	0.255624	0.256081	0.255132	0.256817	0.255601	0.254756	0.255847	0.255894	0.255478	0.255798	0.255419	0.253342	0.254430	0.255496	0.257030	0.256569	0.254542	0.255311	0.252527	0.256479	0.255647	0.255464	0.257739	0.256474	0.256112	0.254500	0.256140	
0.255625	0.256123	0.256930	0.254798	0.256678	0.256075	0.257428	0.254246	0.254565	0.256820	0.000000	0.257374	0.257612	0.254995	0.255895	0.258077	0.256762	0.257179	0.257464	0.257394	0.257534	0.255941	0.256732	0.257412	0.255668	0.255251	0.255760	0.254885	0.254487	0.257633	0.255807	0.258075	0.257333	0.256973	0.257047	0.256827	0.256506	0.255916	0.255334	0.255666	0.256926	0.257697	0.255796	0.258055	0.255442	0.256329	0.256551	0.256704	0.255545	0.254873	0.258349	0.258562	0.254503	0.251930	0.257872	0.256771	0.253053	0.255535	0.255500	0.257492	0.256442	0.258220	0.254236	0.256773	0.255934	0.255745	0.256394	0.254653	0.256504	0.256279	0.256677	0.255638	0.256548	0.257048	0.255827	0.255782	0.255451	0.257462	0.256313	0.257118	0.255909	0.257832	0.256429	0.255496	0.256660	0.253760	0.255741	0.256360	0.257513	0.256743	0.256435	0.256631	0.254731	0.257177	0.255556	0.256408	0.257385	0.256515	0.255129	0.255282	0.257972	
0.255839	0.256582	0.253467	0.256123	0.255470	0.254483	0.254483	0.256190	0.257393	0.254696	0.257374	0.000000	0.256725	0.254654	0.256359	0.256440	0.255668	0.256679	0.257530	0.255996	0.255289	0.255079	0.257157	0.257923	0.257288	0.255942	0.255527	0.254623	0.258873	0.253931	0.255763	0.256107	0.252731	0.256706	0.257617	0.256573	0.255251	0.255014	0.254675	0.257697	0.257403	0.257086	0.256002	0.256853	0.256138	0.257173	0.255765	0.255557	0.256126	0.254417	0.257221	0.251163	0.255340	0.252921	0.255792	0.257149	0.255304	0.254478	0.256406	0.255473	0.255528	0.257351	0.256588	0.256153	0.255946	0.254875	0.256727	0.255847	0.256213	0.256460	0.257132	0.255477	0.254458	0.256037	0.257045	0.256600	0.256715	0.257311	0.256373	0.257192	0.257591	0.255193	0.256297	0.255302	0.255615	0.253419	0.256561	0.256693	0.258256	0.257046	0.256303	0.256013	0.253557	0.256007	0.255600	0.255922	0.257378	0.257084	0.255961	0.257910	0.257584	
0.255885	0.255594	0.257335	0.255255	0.256453	0.253682	0.254414	0.254875	0.256729	0.255953	0.257612	0.256725	0.000000	0.255569	0.256973	0.255847	0.254560	0.257380	0.258143	0.257625	0.256837	0.256037	0.256667	0.256768	0.256273	0.255441	0.255721	0.254450	0.259178	0.255855	0.255928	0.256095	0.255919	0.256095	0.256703	0.257787	0.256255	0.255369	0.256029	0.256573	0.256681	0.257413	0.256683	0.256160	0.256885	0.255741	0.255267	0.254823	0.257050	0.255438	0.256643	0.257801	0.256326	0.252582	0.257448	0.257570	0.255976	0.256095	0.257124	0.256495	0.257593	0.256692	0.255947	0.256653	0.256377	0.255584	0.257384	0.256298	0.256448	0.255762	0.255661	0.255971	0.255329	0.255845	0.255602	0.256483	0.254904	0.256606	0.256347	0.255806	0.257101	0.256814	0.255881	0.255476	0.256500	0.253938	0.256902	0.256186	0.256863	0.257062	0.255298	0.255400	0.254410	0.256885	0.255845	0.254946	0.255955	0.256916	0.257129	0.255458	0.257854	
0.255299	0.254715	0.254331	0.256208	0.256498	0.253431	0.255345	0.256161	0.256303	0.255104	0.254995	0.254654	0.255569	0.000000	0.256594	0.255721	0.255088	0.256295	0.256041	0.255789	0.255318	0.255615	0.254232	0.255702	0.255111	0.255166	0.253706	0.253281	0.257268	0.255898	0.256262	0.256572	0.255764	0.255666	0.255788	0.256591	0.254643	0.255963	0.254409	0.256162	0.255766	0.255778	0.255035	0.255516	0.255287	0.255853	0.255285	0.254504	0.254740	0.255316	0.255425	0.255767	0.254583	0.253141	0.255815	0.253916	0.255376	0.255683	0.253823	0.255368	0.255798	0.254681	0.256194	0.255745	0.256275	0.256160	0.255093	0.254386	0.254734	0.254726	0.256177	0.256000	0.255448	0.255941	0.255506	0.255137	0.254369	0.257859	0.256129	0.254552	0.255572	0.256365	0.255608	0.252104	0.255072	0.253482	0.254876	0.254995	0.254784	0.255040	0.256194	0.255863	0.254180	0.256745	0.255129	0.256294	0.253163	0.256798	0.255840	0.254849	0.257297	
0.255514	0.255409	0.256347	0.256723	0.256726	0.254659	0.257083	0.255193	0.256798	0.256452	0.255895	0.256359	0.256973	0.256594	0.000000	0.257555	0.255961	0.256794	0.256694	0.257695	0.255915	0.256177	0.255873	0.257844	0.256518	0.256957	0.256486	0.253735	0.256174	0.255745	0.257218	0.255828	0.255521	0.255839	0.256548	0.255956	0.254951	0.256143	0.255353	0.257679	0.257180	0.255994	0.255335	0.257007	0.255902	0.256636	0.255371	0.255761	0.257615	0.254661	0.255309	0.256884	0.255344	0.252036	0.256358	0.257497	0.254444	0.256121	0.255546	0.256586	0.257846	0.256540	0.256181	0.256917	0.254781	0.255609	0.256090	0.256741	0.256417	0.255045	0.255881	0.256009	0.256240	0.256154	0.255854	0.256675	0.255490	0.255912	0.256742	0.256539	0.256858	0.256577	0.256642	0.255791	0.256064	0.253558	0.256378	0.255885	0.256828	0.255932	0.255779	0.256023	0.252593	0.256396	0.255779	0.255907	0.257637	0.256736	0.255688	0.257558	0.257576	
0.256405	0.256256	0.255847	0.257709	0.253597	0.255567	0.256329	0.256114	0.258085	0.255513	0.258077	0.256440	0.255847	0.255721	0.257555	0.000000	0.256642	0.258132	0.257646	0.257750	0.257450	0.256269	0.257854	0.257350	0.255711	0.258672	0.255886	0.254963	0.259107	0.257974	0.257062	0.257767	0.257465	0.256863	0.257084	0.257290	0.255614	0.256137	0.256294	0.257472	0.258025	0.253523	0.257308	0.256942	0.255989	0.256834	0.257691	0.256883	0.255703	0.256040	0.258287	0.257873	0.256654	0.254576	0.255917	0.255701	0.256217	0.256302	0.257786	0.256959	0.258147	0.256512	0.256984	0.257355	0.254433	0.256081	0.256743	0.256952	0.255647	0.256837	0.258892	0.256219	0.256453	0.255698	0.257278	0.255855	0.255731	0.258733	0.256663	0.256439	0.258928	0.255926	0.256867	0.255674	0.257734	0.254969	0.257202	0.258195	0.257597	0.258735	0.255248	0.255969	0.255125	0.257425	0.256561	0.256219	0.257422	0.258474	0.258053	0.257871	0.257441	
0.256141	0.254933	0.256151	0.254814	0.255952	0.254677	0.256180	0.253609	0.255846	0.255008	0.256762	0.255668	0.254560	0.255088	0.255961	0.256642	0.000000	0.256118	0.255721	0.257503	0.257053	0.254879	0.257287	0.256840	0.255098	0.255321	0.254028	0.252958	0.256190	0.256395	0.257168	0.256587	0.256136	0.256695	0.256367	0.257752	0.254321	0.255452	0.253362	0.255760	0.255327	0.256183	0.255849	0.255761	0.254818	0.256186	0.254679	0.255468	0.256691	0.254916	0.257113	0.256444	0.254367	0.252260	0.254609	0.256463	0.255407	0.254823	0.256332	0.255526	0.255855	0.256596	0.255528	0.255527	0.254551	0.255666	0.254648	0.255613	0.255034	0.255838	0.255197	0.254778	0.254007	0.256010	0.256880	0.255630	0.254911	0.256210	0.257300	0.255956	0.255116	0.254477	0.255538	0.255620	0.256983	0.254498	0.255693	0.254504	0.256562	0.256172	0.255032	0.255672	0.253385	0.255580	0.254908	0.254183	0.255241	0.254449	0.256181	0.256619	0.257113	
0.255833	0.256494	0.256334	0.257516	0.256486	0.258141	0.256904	0.256820	0.257763	0.255439	0.257179	0.256679	0.257380	0.256295	0.256794	0.258132	0.256118	0.000000	0.257048	0.257007	0.257469	0.256080	0.258572	0.258126	0.256237	0.258362	0.255494	0.253821	0.257988	0.255733	0.258461	0.256993	0.257170	0.257328	0.256692	0.258461	0.256758	0.256500	0.255947	0.256629	0.257222	0.257059	0.256436	0.257714	0.257095	0.254539	0.258006	0.255804	0.256981	0.255278	0.258366	0.258412	0.256741	0.253893	0.256295	0.257511	0.255006	0.255816	0.257333	0.257542	0.255231	0.256727	0.255522	0.256737	0.257340	0.256946	0.257088	0.257643	0.255253	0.257744	0.257608	0.255849	0.256329	0.256386	0.257566	0.256989	0.256655	0.259148	0.256075	0.256517	0.256698	0.257404	0.257221	0.255625	0.257472	0.254289	0.256251	0.256875	0.258242	0.257318	0.256854	0.256170	0.255918	0.256985	0.256240	0.256800	0.257788	0.258328	0.256783	0.256159	0.258900	
0.256509	0.256724	0.257969	0.257076	0.257206	0.256236	0.256683	0.257035	0.256965	0.256910	0.257464	0.257530	0.258143	0.256041	0.256694	0.257646	0.255721	0.257048	0.000000	0.260394	0.257891	0.256127	0.258164	0.257708	0.256025	0.257473	0.256747	0.255767	0.259255	0.256547	0.257603	0.257519	0.257704	0.256825	0.257864	0.256755	0.257213	0.256901	0.256513	0.257179	0.257239	0.256317	0.257446	0.257477	0.256934	0.256621	0.256590	0.255815	0.257261	0.255504	0.257596	0.258543	0.255927	0.253885	0.255827	0.257269	0.255269	0.256292	0.257277	0.258116	0.257285	0.256763	0.257218	0.257585	0.256904	0.257174	0.257414	0.257464	0.257322	0.258169	0.256304	0.257595	0.257483	0.256752	0.258363	0.257384	0.257195	0.257281	0.255571	0.256581	0.257868	0.256144	0.256991	0.256665	0.257197	0.256618	0.256965	0.257764	0.259225	0.256874	0.256701	0.257604	0.255457	0.258631	0.256108	0.256698	0.258894	0.258280	0.257048	0.257140	0.257867	
0.257309	0.256371	0.256480	0.255152	0.258219	0.257416	0.256900	0.256290	0.257909	0.255444	0.257394	0.255996	0.257625	0.255789	0.257695	0.257750	0.257503	0.257007	0.260394	0.000000	0.257186	0.256806	0.258358	0.257862	0.257818	0.257486	0.258258	0.254257	0.258804	0.256531	0.257532	0.257205	0.258296	0.258022	0.257309	0.257766	0.257171	0.256929	0.255834	0.257721	0.256163	0.256985	0.257153	0.257483	0.256998	0.256450	0.256684	0.256136	0.257587	0.254939	0.258140	0.256691	0.256407	0.253689	0.256750	0.259342	0.255427	0.256526	0.258314	0.257643	0.257092	0.257031	0.257175	0.256450	0.258054	0.257381	0.256718	0.257524	0.257736	0.257543	0.257600	0.255695	0.257034	0.258809	0.256913	0.256930	0.257646	0.258746	0.257043	0.257672	0.258360	0.257520	0.257963	0.256343	0.257357	0.253716	0.256254	0.256152	0.257924	0.256478	0.257669	0.256899	0.255015	0.256844	0.256964	0.256585	0.257553	0.259013	0.257968	0.255696	0.259766	
0.256147	0.255744	0.257047	0.256631	0.257267	0.256083	0.255242	0.256560	0.255473	0.255221	0.257534	0.255289	0.256837	0.255318	0.255915	0.257450	0.257053	0.257469	0.257891	0.257186	0.000000	0.256396	0.257516	0.256834	0.255069	0.256990	0.256422	0.255565	0.259701	0.257193	0.256733	0.255865	0.256027	0.255785	0.256951	0.257754	0.255627	0.253862	0.255218	0.256257	0.256550	0.255949	0.256289	0.255610	0.255327	0.256961	0.256481	0.255211	0.256455	0.254677	0.257611	0.256516	0.254843	0.253192	0.256501	0.256319	0.255676	0.256150	0.257060	0.257312	0.257600	0.256258	0.256015	0.256582	0.256735	0.256867	0.258268	0.257569	0.255344	0.256458	0.257528	0.256924	0.255319	0.255467	0.256253	0.256987	0.255590	0.258472	0.256554	0.256579	0.256604	0.256435	0.254921	0.254509	0.256874	0.253055	0.256391	0.257044	0.258506	0.258289	0.255873	0.257389	0.252708	0.257346	0.255883	0.255944	0.258443	0.256811	0.256712	0.255095	0.257464	
0.255733	0.255072	0.255564	0.254282	0.256900	0.255807	0.255574	0.254514	0.255505	0.255693	0.255941	0.255079	0.256037	0.255615	0.256177	0.256269	0.254879	0.256080	0.256127	0.256806	0.256396	0.000000	0.256937	0.255775	0.255618	0.255837	0.254782	0.253348	0.257501	0.255801	0.256344	0.256084	0.256270	0.257715	0.256251	0.255994	0.254553	0.256031	0.254742	0.256436	0.255732	0.254828	0.257988	0.255661	0.255302	0.254519	0.255081	0.254901	0.255156	0.254303	0.256763	0.255734	0.256618	0.253001	0.255472	0.256660	0.253325	0.256313	0.256436	0.256069	0.254574	0.254892	0.255577	0.255496	0.255586	0.255767	0.255593	0.256827	0.253707	0.255781	0.256697	0.255317	0.256069	0.255661	0.255738	0.255238	0.255291	0.255617	0.256389	0.257003	0.255728	0.255005	0.256462	0.257216	0.254102	0.253409	0.255710	0.256567	0.257195	0.257123	0.254690	0.254898	0.253107	0.256472	0.254557	0.255406	0.257268	0.257013	0.256663	0.255047	0.255605	
0.257063	0.257169	0.256059	0.256020	0.257770	0.255799	0.256406	0.254958	0.256638	0.255265	0.256732	0.257157	0.256667	0.254232	0.255873	0.257854	0.257287	0.258572	0.258164	0.258358	0.257516	0.256937	0.000000	0.257616	0.257011	0.256345	0.257034	0.254645	0.258422	0.256920	0.257320	0.257096	0.256165	0.256045	0.257437	0.257528	0.256389	0.256826	0.257006	0.257846	0.256384	0.257612	0.256189	0.255421	0.256463	0.256114	0.256225	0.257416	0.258260	0.256940	0.256004	0.258006	0.255053	0.252662	0.256548	0.255314	0.256646	0.257518	0.256188	0.257829	0.258022	0.257056	0.257273	0.257864	0.257161	0.256958	0.256899	0.256521	0.256867	0.256740	0.257249	0.256652	0.256317	0.257597	0.257416	0.256586	0.256578	0.257398	0.256494	0.256390	0.257582	0.257645	0.256693	0.255382	0.258485	0.253243	0.255271	0.256617	0.256927	0.257679	0.256653	0.255983	0.255675	0.256920	0.256957	0.256706	0.257071	0.255886	0.256419	0.256836	0.257369	
0.257778	0.257164	0.256876	0.255715	0.258492	0.256011	0.256701	0.254610	0.257726	0.257007	0.257412	0.257923	0.256768	0.255702	0.257844	0.257350	0.256840	0.258126	0.257708	0.257862	0.256834	0.255775	0.257616	0.000000	0.257208	0.257170	0.256576	0.255602	0.260917	0.258078	0.258098	0.258111	0.257625	0.257256	0.258725	0.257675	0.257227	0.256578	0.256255	0.257976	0.258091	0.257210	0.257936	0.257393	0.257087	0.257951	0.255518	0.256857	0.257589	0.255359	0.258205	0.260013	0.256582	0.253272	0.257240	0.257847	0.254125	0.256956	0.257092	0.256787	0.257610	0.258290	0.256149	0.255560	0.256777	0.256437	0.257503	0.257876	0.255924	0.257162	0.257681	0.256312	0.257138	0.256237	0.258442	0.256421	0.256535	0.259127	0.258334	0.258551	0.255768	0.256694	0.255410	0.255553	0.257548	0.255097	0.256897	0.257583	0.257349	0.257380	0.257412	0.255858	0.254220	0.257854	0.255296	0.256999	0.258099	0.257566	0.257215	0.255716	0.257294	
0.255588	0.256350	0.257405	0.256541	0.256357	0.254473	0.254884	0.255924	0.255309	0.254456	0.255668	0.257288	0.256273	0.255111	0.256518	0.255711	0.255098	0.256237	0.256025	0.257818	0.255069	0.255618	0.257011	0.257208	0.000000	0.255740	0.255732	0.255819	0.259110	0.256724	0.254453	0.256773	0.256605	0.257134	0.256022	0.257780	0.255142	0.254558	0.254953	0.255913	0.256469	0.256724	0.256661	0.255855	0.252985	0.254107	0.255095	0.254799	0.256337	0.254736	0.256594	0.255872	0.256498	0.251960	0.255149	0.255406	0.255591	0.255226	0.255188	0.256453	0.255956	0.256549	0.254302	0.255969	0.256518	0.254244	0.256922	0.256216	0.256487	0.254768	0.255551	0.255904	0.253934	0.255482	0.256610	0.255698	0.255592	0.255522	0.255274	0.255292	0.257117	0.256892	0.255974	0.256853	0.255356	0.255630	0.256761	0.256266	0.257582	0.256553	0.256132	0.255696	0.254054	0.255836	0.255193	0.256362	0.256652	0.258160	0.256530	0.256232	0.257007	
0.256234	0.256241	0.255884	0.256079	0.256454	0.254407	0.256028	0.255791	0.256545	0.254880	0.255251	0.255942	0.255441	0.255166	0.256957	0.258672	0.255321	0.258362	0.257473	0.257486	0.256990	0.255837	0.256345	0.257170	0.255740	0.000000	0.256331	0.253639	0.258693	0.256170	0.256588	0.256562	0.256877	0.257101	0.258196	0.256574	0.254747	0.255717	0.255158	0.257682	0.257289	0.256101	0.256481	0.256811	0.254943	0.257397	0.255101	0.256053	0.256219	0.253577	0.256967	0.257548	0.254238	0.253090	0.256297	0.256688	0.254928	0.256157	0.256433	0.257570	0.258160	0.257146	0.255383	0.257925	0.255910	0.256444	0.257892	0.255348	0.256132	0.255956	0.256353	0.255900	0.256073	0.255918	0.257338	0.255409	0.255219	0.257256	0.256115	0.255739	0.255965	0.254641	0.255157	0.255761	0.257111	0.253422	0.255285	0.255271	0.257146	0.255753	0.255110	0.256531	0.254270	0.257680	0.255935	0.255782	0.257079	0.256426	0.256694	0.255656	0.256528	
0.255974	0.254707	0.256374	0.254563	0.256128	0.253930	0.255450	0.253825	0.256144	0.254596	0.255760	0.255527	0.255721	0.253706	0.256486	0.255886	0.254028	0.255494	0.256747	0.258258	0.256422	0.254782	0.257034	0.256576	0.255732	0.256331	0.000000	0.252811	0.258068	0.256095	0.255136	0.254835	0.255947	0.257155	0.256828	0.256260	0.254718	0.253860	0.254963	0.257542	0.256176	0.255043	0.255682	0.255441	0.254117	0.255416	0.255126	0.254753	0.255117	0.254989	0.255536	0.255904	0.254945	0.252698	0.255191	0.256231	0.254264	0.256001	0.255477	0.256294	0.256540	0.255340	0.255166	0.255367	0.254359	0.254975	0.256639	0.256853	0.255216	0.256769	0.256867	0.256176	0.256604	0.253505	0.256673	0.256610	0.254943	0.256753	0.255956	0.255816	0.254799	0.256050	0.255612	0.254524	0.255486	0.254719	0.255440	0.255915	0.256967	0.256601	0.254957	0.254441	0.253034	0.255936	0.254168	0.254030	0.256900	0.255863	0.256548	0.254979	0.256868	
0.253495	0.254700	0.254138	0.254461	0.254810	0.254188	0.253742	0.253737	0.253973	0.253759	0.254885	0.254623	0.254450	0.253281	0.253735	0.254963	0.252958	0.253821	0.255767	0.254257	0.255565	0.253348	0.254645	0.255602	0.255819	0.253639	0.252811	0.000000	0.256702	0.253669	0.254564	0.255035	0.254418	0.254828	0.255310	0.256192	0.253180	0.253767	0.253040	0.253921	0.254820	0.254755	0.254099	0.253907	0.254206	0.253414	0.253728	0.253540	0.255091	0.252226	0.254642	0.254910	0.254766	0.250156	0.254677	0.254479	0.253857	0.253632	0.254643	0.254634	0.255612	0.253874	0.253242	0.254197	0.253398	0.253522	0.254814	0.253796	0.253482	0.254118	0.254986	0.254729	0.253948	0.255065	0.254143	0.254805	0.253541	0.253358	0.253866	0.254382	0.254436	0.254383	0.254669	0.254009	0.254816	0.251426	0.254592	0.255105	0.254049	0.255258	0.253909	0.254148	0.251550	0.254413	0.253027	0.253712	0.256192	0.254888	0.252944	0.253731	0.255128	
0.258239	0.258239	0.258820	0.257893	0.257745	0.257840	0.258588	0.258972	0.259937	0.258624	0.254487	0.258873	0.259178	0.257268	0.256174	0.259107	0.256190	0.257988	0.259255	0.258804	0.259701	0.257501	0.258422	0.260917	0.259110	0.258693	0.258068	0.256702	0.000000	0.259846	0.258553	0.258225	0.255488	0.258777	0.258579	0.257662	0.258136	0.258176	0.258732	0.258937	0.258208	0.258617	0.256506	0.259458	0.256554	0.258627	0.258088	0.259606	0.259624	0.257277	0.258025	0.259606	0.258807	0.255147	0.257821	0.259986	0.258294	0.257549	0.258648	0.256720	0.258324	0.258459	0.257965	0.258847	0.256305	0.259389	0.257840	0.258254	0.258260	0.259328	0.258176	0.259110	0.258502	0.259574	0.258293	0.257870	0.257873	0.259710	0.257412	0.257907	0.259371	0.259670	0.258427	0.257337	0.258808	0.256490	0.256521	0.256347	0.256978	0.259489	0.259512	0.258854	0.256300	0.257799	0.258252	0.257305	0.258467	0.259278	0.258007	0.259575	0.258784	
0.256336	0.257087	0.256258	0.256111	0.256636	0.255939	0.256221	0.256492	0.257040	0.254626	0.257633	0.253931	0.255855	0.255898	0.255745	0.257974	0.256395	0.255733	0.256547	0.256531	0.257193	0.255801	0.256920	0.258078	0.256724	0.256170	0.256095	0.253669	0.259846	0.000000	0.255762	0.256887	0.257565	0.256676	0.257828	0.257233	0.255873	0.256824	0.255954	0.257521	0.257172	0.256283	0.256194	0.256181	0.256692	0.256926	0.256120	0.255231	0.257866	0.254876	0.256624	0.257126	0.255868	0.253179	0.256367	0.258415	0.254331	0.255991	0.256352	0.256771	0.255766	0.257247	0.257272	0.257689	0.257706	0.257420	0.256838	0.256452	0.256510	0.255201	0.255313	0.256124	0.256750	0.255811	0.256779	0.256179	0.255851	0.257360	0.257496	0.256540	0.257011	0.256385	0.256695	0.256307	0.256378	0.253775	0.255682	0.257104	0.258684	0.257252	0.255868	0.256619	0.253395	0.257083	0.255360	0.257193	0.258420	0.259441	0.257128	0.255607	0.258381	
0.256108	0.256531	0.256475	0.256668	0.257440	0.254452	0.255488	0.257121	0.255269	0.255344	0.255807	0.255763	0.255928	0.256262	0.257218	0.257062	0.257168	0.258461	0.257603	0.257532	0.256733	0.256344	0.257320	0.258098	0.254453	0.256588	0.255136	0.254564	0.258553	0.255762	0.000000	0.256252	0.256475	0.257500	0.257282	0.257922	0.254980	0.254688	0.255024	0.255763	0.257242	0.257060	0.256595	0.256354	0.255254	0.255615	0.256978	0.255536	0.256363	0.254679	0.258089	0.257618	0.256815	0.244700	0.256664	0.259292	0.254098	0.255812	0.257911	0.256430	0.255984	0.255595	0.255868	0.256103	0.255779	0.255942	0.257430	0.256953	0.256809	0.256887	0.258917	0.256704	0.256084	0.256304	0.256675	0.256890	0.256076	0.257274	0.256978	0.258131	0.257285	0.256986	0.257205	0.256150	0.256691	0.254667	0.256919	0.257616	0.257428	0.258341	0.255737	0.255903	0.254198	0.257492	0.255356	0.255875	0.257803	0.257380	0.256464	0.257531	0.257816	
0.255763	0.255133	0.256818	0.255383	0.256419	0.254985	0.255542	0.256848	0.255663	0.256221	0.258075	0.256107	0.256095	0.256572	0.255828	0.257767	0.256587	0.256993	0.257519	0.257205	0.255865	0.256084	0.257096	0.258111	0.256773	0.256562	0.254835	0.255035	0.258225	0.256887	0.256252	0.000000	0.256062	0.257787	0.257454	0.256805	0.256406	0.255716	0.255652	0.257588	0.256830	0.255933	0.255835	0.256502	0.256117	0.256451	0.256797	0.255419	0.256757	0.254665	0.256690	0.257582	0.255287	0.254001	0.256122	0.258342	0.254531	0.256232	0.257811	0.255706	0.255742	0.256165	0.257099	0.255112	0.256280	0.256097	0.257600	0.255141	0.256237	0.256776	0.257990	0.255239	0.256402	0.257741	0.256756	0.256083	0.257174	0.257188	0.255627	0.257154	0.256819	0.256973	0.256954	0.256192	0.256595	0.254612	0.256390	0.257315	0.255676	0.256600	0.256944	0.256490	0.253224	0.256163	0.254436	0.255721	0.256941	0.257348	0.256104	0.255853	0.256815	
0.256946	0.255773	0.251917	0.256783	0.256932	0.254521	0.255347	0.255261	0.257573	0.254473	0.257333	0.252731	0.255919	0.255764	0.255521	0.257465	0.256136	0.257170	0.257704	0.258296	0.256027	0.256270	0.256165	0.257625	0.256605	0.256877	0.255947	0.254418	0.255488	0.257565	0.256475	0.256062	0.000000	0.254658	0.257069	0.255063	0.254293	0.254676	0.255188	0.257103	0.257522	0.256685	0.255875	0.255865	0.254423	0.256469	0.254200	0.253778	0.256495	0.253942	0.253462	0.249807	0.256223	0.252604	0.255449	0.257086	0.255584	0.255832	0.256766	0.254351	0.256625	0.256818	0.254582	0.255500	0.253730	0.255725	0.256789	0.257048	0.256664	0.255593	0.257519	0.256237	0.254759	0.254821	0.256729	0.255290	0.255348	0.258454	0.256250	0.255215	0.255498	0.257347	0.255114	0.255773	0.257446	0.253232	0.256278	0.255655	0.254807	0.255950	0.255242	0.255813	0.253702	0.256576	0.256223	0.254988	0.254759	0.256075	0.256303	0.255940	0.258063	
0.255872	0.255048	0.256582	0.256871	0.257133	0.255142	0.256541	0.256700	0.257146	0.255901	0.256973	0.256706	0.256095	0.255666	0.255839	0.256863	0.256695	0.257328	0.256825	0.258022	0.255785	0.257715	0.256045	0.257256	0.257134	0.257101	0.257155	0.254828	0.258777	0.256676	0.257500	0.257787	0.254658	0.000000	0.255891	0.256018	0.254691	0.256351	0.255554	0.257899	0.257482	0.256931	0.256233	0.257600	0.256244	0.255918	0.256283	0.256275	0.257123	0.255516	0.255532	0.257159	0.255903	0.253336	0.256591	0.256807	0.255727	0.255517	0.257631	0.256870	0.258086	0.256630	0.256235	0.256303	0.256679	0.256230	0.256406	0.257086	0.255370	0.258167	0.257922	0.255938	0.257006	0.256790	0.256163	0.257671	0.255114	0.257168	0.256309	0.255506	0.256803	0.257078	0.256052	0.256332	0.258041	0.254139	0.255494	0.256919	0.256909	0.257319	0.255644	0.257504	0.253233	0.256141	0.256871	0.256049	0.256765	0.256706	0.256796	0.256358	0.257803	
0.257298	0.257262	0.256695	0.257962	0.257135	0.256282	0.256383	0.257035	0.256996	0.256650	0.257047	0.257617	0.256703	0.255788	0.256548	0.257084	0.256367	0.256692	0.257864	0.257309	0.256951	0.256251	0.257437	0.258725	0.256022	0.258196	0.256828	0.255310	0.258579	0.257828	0.257282	0.257454	0.257069	0.255891	0.000000	0.257968	0.256550	0.255660	0.255949	0.257649	0.256778	0.257490	0.257486	0.257825	0.256690	0.256537	0.255785	0.255384	0.256880	0.251499	0.258573	0.256863	0.256294	0.253584	0.256650	0.256492	0.255645	0.256723	0.257339	0.257896	0.256208	0.256751	0.258286	0.257924	0.257785	0.257337	0.256804	0.256657	0.256988	0.256706	0.257493	0.256988	0.255995	0.257700	0.257444	0.256782	0.257091	0.257469	0.256343	0.256225	0.258157	0.257236	0.256242	0.257102	0.257321	0.252668	0.256990	0.257706	0.258698	0.256959	0.257056	0.257572	0.254610	0.256818	0.256973	0.255935	0.257914	0.256728	0.257455	0.255294	0.259115	
0.257268	0.258053	0.257927	0.256360	0.256139	0.256719	0.256926	0.256625	0.257177	0.257940	0.256827	0.256573	0.257787	0.256591	0.255956	0.257290	0.257752	0.258461	0.256755	0.257766	0.257754	0.255994	0.257528	0.257675	0.257780	0.256574	0.256260	0.256192	0.257662	0.257233	0.257922	0.256805	0.255063	0.256018	0.257968	0.000000	0.255293	0.257812	0.257339	0.257427	0.256571	0.257538	0.257675	0.257403	0.256121	0.257712	0.256896	0.256066	0.256775	0.255414	0.258399	0.258584	0.255817	0.255123	0.256687	0.257926	0.254265	0.256319	0.256330	0.257392	0.257060	0.257513	0.256785	0.256239	0.254774	0.256025	0.257484	0.257148	0.256687	0.258888	0.256646	0.256661	0.258205	0.256949	0.256191	0.256697	0.254739	0.256845	0.256720	0.258180	0.257036	0.257589	0.256951	0.257856	0.257731	0.254902	0.256156	0.257032	0.258090	0.258274	0.257219	0.255932	0.254943	0.256617	0.256931	0.257846	0.258387	0.258413	0.256630	0.257563	0.259682	
0.255075	0.254149	0.254780	0.254643	0.257129	0.255125	0.255147	0.255368	0.257458	0.255101	0.256506	0.255251	0.256255	0.254643	0.254951	0.255614	0.254321	0.256758	0.257213	0.257171	0.255627	0.254553	0.256389	0.257227	0.255142	0.254747	0.254718	0.253180	0.258136	0.255873	0.254980	0.256406	0.254293	0.254691	0.256550	0.255293	0.000000	0.254861	0.255385	0.256576	0.256724	0.255283	0.255027	0.255531	0.254413	0.255427	0.255347	0.254300	0.254536	0.253479	0.255028	0.256431	0.255116	0.251791	0.254866	0.256019	0.252871	0.254983	0.255561	0.253844	0.257163	0.255238	0.254689	0.254569	0.255559	0.255241	0.255535	0.255922	0.255762	0.256207	0.254662	0.256564	0.253889	0.255669	0.256812	0.255809	0.255380	0.256819	0.256277	0.255546	0.257166	0.256263	0.254664	0.255836	0.256136	0.252706	0.255918	0.254388	0.257261	0.257140	0.255749	0.255795	0.252951	0.256481	0.255336	0.256719	0.256249	0.256237	0.255958	0.255875	0.256919	
0.255464	0.253730	0.255297	0.255229	0.255308	0.252850	0.254333	0.254776	0.255347	0.255549	0.255916	0.255014	0.255369	0.255963	0.256143	0.256137	0.255452	0.256500	0.256901	0.256929	0.253862	0.256031	0.256826	0.256578	0.254558	0.255717	0.253860	0.253767	0.258176	0.256824	0.254688	0.255716	0.254676	0.256351	0.255660	0.257812	0.254861	0.000000	0.254297	0.256845	0.255866	0.255009	0.255639	0.254760	0.254211	0.254464	0.253022	0.253893	0.256885	0.253455	0.257163	0.256103	0.253850	0.251355	0.254955	0.255695	0.254733	0.254838	0.254496	0.255375	0.256518	0.255121	0.254786	0.254782	0.254631	0.254551	0.256073	0.256588	0.255313	0.254996	0.256894	0.255713	0.253220	0.254219	0.255512	0.255529	0.255368	0.257482	0.256480	0.254745	0.255735	0.255807	0.253858	0.255781	0.255908	0.253583	0.255988	0.254666	0.256589	0.256689	0.255130	0.254739	0.252886	0.256193	0.255008	0.254497	0.256036	0.255853	0.254078	0.255330	0.257824	
0.255889	0.255292	0.256594	0.255077	0.256179	0.253906	0.253037	0.254110	0.255350	0.255217	0.255334	0.254675	0.256029	0.254409	0.255353	0.256294	0.253362	0.255947	0.256513	0.255834	0.255218	0.254742	0.257006	0.256255	0.254953	0.255158	0.254963	0.253040	0.258732	0.255954	0.255024	0.255652	0.255188	0.255554	0.255949	0.257339	0.255385	0.254297	0.000000	0.254535	0.254120	0.254680	0.254826	0.255093	0.253738	0.255440	0.253944	0.253877	0.254956	0.252716	0.255237	0.255815	0.253988	0.251561	0.255247	0.256221	0.253967	0.254853	0.255756	0.255075	0.254724	0.253617	0.254668	0.255104	0.255465	0.253667	0.255754	0.256354	0.255412	0.256261	0.256261	0.255401	0.253701	0.255432	0.253983	0.256253	0.254473	0.256978	0.255806	0.256176	0.254926	0.255246	0.254327	0.253829	0.254712	0.253132	0.255023	0.255243	0.256962	0.256619	0.255009	0.254879	0.252366	0.255339	0.254890	0.254473	0.256543	0.256078	0.254143	0.253933	0.257136	
0.256440	0.252942	0.257572	0.256749	0.256556	0.255176	0.255599	0.257153	0.257506	0.255442	0.255666	0.257697	0.256573	0.256162	0.257679	0.257472	0.255760	0.256629	0.257179	0.257721	0.256257	0.256436	0.257846	0.257976	0.255913	0.257682	0.257542	0.253921	0.258937	0.257521	0.255763	0.257588	0.257103	0.257899	0.257649	0.257427	0.256576	0.256845	0.254535	0.000000	0.257310	0.258201	0.257680	0.257158	0.255482	0.255913	0.255447	0.256070	0.252190	0.254722	0.256488	0.256608	0.256089	0.252541	0.257456	0.257566	0.256495	0.255811	0.257485	0.256979	0.255619	0.257121	0.256744	0.256796	0.256696	0.255224	0.257994	0.256622	0.256642	0.257228	0.258132	0.255110	0.256176	0.257212	0.257621	0.256093	0.256150	0.251528	0.256507	0.256930	0.258182	0.257007	0.256588	0.257227	0.257620	0.255221	0.256566	0.254236	0.257553	0.257481	0.255804	0.257617	0.255190	0.258029	0.255960	0.257599	0.257619	0.257925	0.257092	0.252880	0.257356	
0.256703	0.256067	0.256017	0.255896	0.257278	0.254471	0.255566	0.256683	0.256580	0.254906	0.256926	0.257403	0.256681	0.255766	0.257180	0.258025	0.255327	0.257222	0.257239	0.256163	0.256550	0.255732	0.256384	0.258091	0.256469	0.257289	0.256176	0.254820	0.258208	0.257172	0.257242	0.256830	0.257522	0.257482	0.256778	0.256571	0.256724	0.255866	0.254120	0.257310	0.000000	0.256620	0.256225	0.253546	0.256362	0.257118	0.256683	0.255520	0.256509	0.255190	0.258494	0.257988	0.255975	0.252618	0.255969	0.257044	0.256150	0.256940	0.256666	0.254771	0.256631	0.255311	0.256245	0.256452	0.256335	0.256362	0.256520	0.257005	0.255119	0.257976	0.257987	0.258090	0.256866	0.256645	0.256397	0.255409	0.256371	0.255447	0.256114	0.255770	0.257002	0.256483	0.254975	0.256040	0.257613	0.253036	0.255017	0.257134	0.256613	0.256046	0.256957	0.255082	0.253260	0.258098	0.254652	0.256325	0.257101	0.256626	0.257387	0.254839	0.257097	
0.255295	0.255315	0.256269	0.256627	0.253932	0.256264	0.256659	0.254403	0.257252	0.255078	0.257697	0.257086	0.257413	0.255778	0.255994	0.253523	0.256183	0.257059	0.256317	0.256985	0.255949	0.254828	0.257612	0.257210	0.256724	0.256101	0.255043	0.254755	0.258617	0.256283	0.257060	0.255933	0.256685	0.256931	0.257490	0.257538	0.255283	0.255009	0.254680	0.258201	0.256620	0.000000	0.257261	0.256886	0.255785	0.256996	0.255295	0.256522	0.257070	0.255066	0.257299	0.256388	0.254666	0.253853	0.255897	0.252549	0.255764	0.255330	0.256678	0.256396	0.256734	0.255237	0.256047	0.256355	0.255935	0.256762	0.255833	0.257603	0.256023	0.257651	0.258385	0.254995	0.256571	0.256240	0.256586	0.256597	0.255408	0.258232	0.256640	0.255849	0.256550	0.255544	0.256254	0.256315	0.255910	0.253735	0.256231	0.256648	0.257354	0.256580	0.256015	0.255763	0.254101	0.256224	0.255843	0.255472	0.257023	0.257557	0.257503	0.257545	0.257971	
0.255419	0.256022	0.256191	0.256310	0.256466	0.256076	0.254943	0.256354	0.256516	0.256534	0.255796	0.256002	0.256683	0.255035	0.255335	0.257308	0.255849	0.256436	0.257446	0.257153	0.256289	0.257988	0.256189	0.257936	0.256661	0.256481	0.255682	0.254099	0.256506	0.256194	0.256595	0.255835	0.255875	0.256233	0.257486	0.257675	0.255027	0.255639	0.254826	0.257680	0.256225	0.257261	0.000000	0.254690	0.255424	0.256219	0.255947	0.255425	0.257377	0.254889	0.255891	0.257278	0.256117	0.252797	0.257378	0.256319	0.256231	0.256227	0.256365	0.257126	0.256108	0.255523	0.255174	0.256273	0.255848	0.256225	0.255938	0.257207	0.256864	0.257061	0.257542	0.255578	0.257088	0.257009	0.256391	0.256342	0.256909	0.258446	0.255324	0.257149	0.257977	0.255434	0.255898	0.254915	0.257109	0.253147	0.256135	0.255645	0.256040	0.256240	0.255716	0.257003	0.253417	0.256486	0.254731	0.255889	0.255989	0.256567	0.255704	0.256169	0.257993	
