0.998004	-0.010714	-0.012519	-0.013792	-0.012086	-0.009021	-0.009642	-0.016265	-0.011993	-0.012087	-0.010273	-0.013292	-0.010013	-0.012276	-0.011205	-0.009437	-0.012220	-0.008605	-0.010606	-0.012829	-0.011990	-0.012696	-0.012990	-0.013203	-0.009776	-0.013518	-0.011779	-0.008092	-0.011242	-0.011814	-0.011424	-0.011018	-0.015009	-0.010208	-0.013184	-0.013393	-0.010839	-0.011218	-0.013128	-0.011849	-0.013568	-0.010057	-0.009783	-0.013355	-0.013727	-0.012429	-0.010660	-0.010998	-0.012312	-0.009935	-0.008364	-0.010568	-0.012297	-0.009027	-0.010308	-0.007813	-0.011614	-0.005986	-0.014299	-0.010643	-0.010802	-0.011895	-0.013171	-0.008892	-0.014974	-0.014923	-0.008271	-0.012992	-0.010043	-0.014013	-0.013037	-0.009959	-0.010280	-0.015202	-0.006894	-0.013177	-0.009952	-0.011231	-0.009251	-0.013271	-0.013232	-0.013808	-0.009440	-0.011919	-0.011206	-0.008873	-0.010506	-0.013624	-0.013835	-0.015144	-0.011277	-0.016066	-0.011213	-0.010504	-0.009935	-0.011499	-0.013278	-0.008978	-0.013585	-0.008504	-0.012675	
-0.010714	0.999320	-0.011969	-0.008707	-0.012041	-0.012559	-0.011855	-0.007864	-0.012967	-0.013795	-0.011095	-0.012391	-0.010208	-0.009144	-0.011098	-0.009791	-0.010050	-0.011388	-0.011690	-0.010919	-0.010889	-0.009975	-0.013012	-0.012581	-0.013098	-0.011857	-0.010254	-0.013638	-0.013811	-0.014600	-0.014908	-0.009284	-0.013859	-0.008959	-0.012860	-0.015729	-0.009392	-0.007641	-0.012709	-0.000379	-0.011602	-0.009346	-0.012685	-0.013152	-0.010682	-0.009456	-0.009766	-0.011283	-0.004775	-0.015741	-0.013053	-0.012106	-0.015617	-0.009131	-0.010635	-0.010873	-0.011803	-0.014140	-0.011444	-0.008176	-0.010975	-0.013525	-0.013434	-0.012872	-0.009459	-0.009252	-0.015229	-0.012071	-0.013639	-0.012566	-0.018450	-0.010131	-0.011078	-0.004868	-0.016080	-0.013192	-0.015988	-0.011228	-0.011307	-0.013055	-0.015815	-0.013217	-0.010531	-0.013012	-0.012302	-0.012991	-0.010282	-0.007697	-0.009631	-0.017236	-0.017118	-0.012947	-0.011499	-0.011421	-0.014380	-0.008479	-0.012560	-0.011736	-0.011066	-0.000049	-0.011583	
-0.012519	-0.011969	1.001666	-0.010301	-0.011663	-0.014123	-0.010540	-0.011905	-0.010852	-0.013935	-0.014867	-0.002501	-0.014795	-0.008613	-0.012833	-0.009809	-0.013501	-0.009764	-0.014756	-0.011261	-0.013882	-0.011574	-0.010369	-0.010211	-0.016516	-0.011325	-0.013342	-0.011804	-0.013965	-0.010428	-0.013380	-0.012676	-0.000060	-0.011385	-0.011764	-0.015562	-0.009317	-0.012838	-0.015833	-0.016130	-0.011190	-0.011122	-0.011802	-0.009733	-0.007998	-0.016528	-0.010705	-0.012453	-0.011641	-0.011371	-0.012129	0.011578	-0.013657	-0.010415	-0.014310	-0.014748	-0.008928	-0.010395	-0.013668	-0.013457	-0.011598	-0.009890	-0.013121	-0.008636	-0.009986	-0.011136	-0.012627	-0.012509	-0.009837	-0.008715	-0.010238	-0.015277	-0.011516	-0.008221	-0.010218	-0.011780	-0.013225	-0.009896	-0.014539	-0.010311	-0.012367	-0.010246	-0.015218	-0.012009	-0.011915	-0.014503	-0.012528	-0.009454	-0.013761	-0.010473	-0.013875	-0.010750	-0.012926	-0.013317	-0.014679	-0.012899	-0.011419	-0.012095	-0.009735	-0.013924	-0.011933	
-0.013792	-0.008707	-0.010301	0.997757	-0.010587	-0.013444	-0.010619	-0.009451	-0.012332	-0.011058	-0.006515	-0.010133	-0.009693	-0.014815	-0.013877	-0.015004	-0.010474	-0.013318	-0.012733	-0.006198	-0.013160	-0.007522	-0.010671	-0.008170	-0.013728	-0.011215	-0.007824	-0.014217	-0.012792	-0.011713	-0.011924	-0.009177	-0.016065	-0.012594	-0.015393	-0.011132	-0.009969	-0.011155	-0.011548	-0.013130	-0.010011	-0.013268	-0.013210	-0.007773	-0.013126	-0.015872	-0.013083	-0.010833	-0.007316	-0.014079	-0.011557	-0.016444	-0.011751	-0.013523	-0.016640	-0.012779	-0.013466	-0.014252	-0.010977	-0.010202	-0.007516	-0.012115	-0.015241	-0.011072	-0.008536	-0.009693	-0.013787	-0.013477	-0.012910	-0.012414	-0.012284	-0.011512	-0.008391	-0.011660	-0.010596	-0.012004	-0.012646	-0.012492	-0.013294	-0.013044	-0.008704	-0.007271	-0.013037	-0.018129	-0.009780	-0.013938	-0.012844	-0.013112	-0.011135	-0.011470	-0.010763	-0.010420	-0.014745	-0.011101	-0.008943	-0.010209	-0.010880	-0.006537	-0.008145	-0.011072	-0.005406	
-0.012086	-0.012041	-0.011663	-0.010587	1.003414	-0.012530	-0.008427	-0.013298	-0.014688	-0.010276	-0.011805	-0.006907	-0.011146	-0.015529	-0.013168	0.000995	-0.012289	-0.009182	-0.011148	-0.013982	-0.014359	-0.014447	-0.014458	-0.015336	-0.011198	-0.011015	-0.012744	-0.012113	-0.010702	-0.012053	-0.014195	-0.012330	-0.015007	-0.013486	-0.012132	-0.009491	-0.016514	-0.010788	-0.014259	-0.010809	-0.014036	-0.003330	-0.014019	-0.012521	-0.012627	-0.014080	-0.012172	-0.013050	-0.013711	-0.009162	-0.014714	-0.010859	-0.015702	-0.011490	-0.012029	-0.000995	-0.011747	-0.014935	-0.011575	-0.011014	-0.009432	-0.009591	-0.013628	-0.009577	-0.009442	-0.017551	-0.003833	-0.012036	-0.015003	-0.013936	-0.010606	-0.011216	-0.009681	-0.010690	-0.016437	-0.012800	-0.012152	-0.008631	-0.012005	-0.010258	-0.010987	-0.010931	-0.009860	-0.008833	-0.008014	-0.010815	-0.011966	-0.012441	-0.012986	-0.010286	-0.011676	-0.010605	-0.014008	-0.010642	-0.010659	-0.007962	-0.011396	-0.015043	-0.015607	-0.008143	-0.011148	
-0.009021	-0.012559	-0.014123	-0.013444	-0.012530	0.987828	-0.011918	-0.013570	-0.010834	-0.009952	-0.013958	-0.008161	-0.005791	-0.009996	-0.010007	-0.012165	-0.013149	-0.019836	-0.011542	-0.013427	-0.012562	-0.014444	-0.011745	-0.009826	-0.009091	-0.008351	-0.009855	-0.014423	-0.013098	-0.011803	-0.009017	-0.011334	-0.012141	-0.010267	-0.012429	-0.014488	-0.013772	-0.006278	-0.011894	-0.011587	-0.007893	-0.014916	-0.013832	-0.012291	-0.009415	-0.013090	-0.010351	-0.012976	-0.012335	-0.012992	-0.012128	-0.014834	-0.011406	-0.011797	-0.011127	-0.010290	-0.011941	-0.011806	-0.010178	-0.008429	-0.012076	-0.013331	-0.011857	-0.010720	-0.012299	-0.010952	-0.012623	-0.016570	-0.012367	-0.008191	-0.011975	-0.009725	-0.008229	-0.010620	-0.010453	-0.007274	-0.011155	-0.012082	-0.012157	-0.009217	-0.008640	-0.009472	-0.011373	-0.011903	-0.005772	-0.011466	-0.008671	-0.010267	-0.010662	-0.014543	-0.011639	-0.014877	-0.007819	-0.012654	-0.011403	-0.008126	-0.013981	-0.009888	-0.011668	-0.012880	-0.015525	
-0.009642	-0.011855	-0.010540	-0.010619	-0.008427	-0.011918	0.997933	-0.013121	-0.010402	-0.010683	-0.016943	-0.006253	-0.007194	-0.012037	-0.014727	-0.010748	-0.013468	-0.013170	-0.010679	-0.010713	-0.007892	-0.013435	-0.011865	-0.011823	-0.010842	-0.010863	-0.011817	-0.011417	-0.013950	-0.011907	-0.010170	-0.009821	-0.011377	-0.011913	-0.010717	-0.012322	-0.010884	-0.008861	-0.006841	-0.009404	-0.010930	-0.013177	-0.008278	-0.012492	-0.008274	-0.013766	-0.012659	-0.009064	-0.013710	-0.014271	-0.013002	-0.010243	-0.010436	-0.011297	-0.014025	-0.010261	-0.013238	-0.012390	-0.008999	-0.011258	-0.011840	-0.012145	-0.014223	-0.006702	-0.011432	-0.012008	-0.012681	-0.013069	-0.012093	-0.012192	-0.016528	-0.012011	-0.009358	-0.015509	-0.008284	-0.012347	-0.012452	-0.013192	-0.012902	-0.010266	-0.014447	-0.010196	-0.010308	-0.014671	-0.013893	-0.013051	-0.013978	-0.011080	-0.015264	-0.014022	-0.011713	-0.010536	-0.008949	-0.016473	-0.008045	-0.009474	-0.012130	-0.012797	-0.014860	-0.007635	-0.010237	
-0.016265	-0.007864	-0.011905	-0.009451	-0.013298	-0.013570	-0.013121	0.993483	-0.012939	-0.010755	-0.006045	-0.013239	-0.009258	-0.016247	-0.010260	-0.012298	-0.008767	-0.014062	-0.013016	-0.010871	-0.012855	-0.009345	-0.006382	-0.006041	-0.012389	-0.013279	-0.007737	-0.011052	-0.015134	-0.013835	-0.014224	-0.014704	-0.013281	-0.013031	-0.014397	-0.012696	-0.012037	-0.011010	-0.010744	-0.015364	-0.014308	-0.008764	-0.013106	-0.011168	-0.013674	-0.009977	-0.012289	-0.013151	-0.012824	-0.013335	-0.011743	-0.009882	-0.010603	-0.007423	-0.012477	-0.012358	-0.013162	-0.011950	-0.006729	-0.010961	-0.012290	-0.012812	-0.008868	-0.010766	-0.011517	-0.008037	-0.009459	-0.011727	-0.014160	-0.010974	-0.008782	-0.013786	-0.011522	-0.010981	-0.010796	-0.009314	-0.015127	-0.013029	-0.011579	-0.013791	-0.011328	-0.013046	-0.012815	-0.009518	-0.012262	-0.013671	-0.009897	-0.013236	-0.010898	-0.012336	-0.010002	-0.006738	-0.011890	-0.013933	-0.012463	-0.009115	-0.012871	-0.007013	-0.010578	-0.010123	-0.007500	
-0.011993	-0.012967	-0.010852	-0.012332	-0.014688	-0.010834	-0.010402	-0.012939	1.004698	-0.012635	-0.002722	-0.014256	-0.013188	-0.013245	-0.013278	-0.014452	-0.010852	-0.014861	-0.010286	-0.013558	-0.009862	-0.009281	-0.010412	-0.011544	-0.007571	-0.010440	-0.010955	-0.009235	-0.016939	-0.011981	-0.004518	-0.008539	-0.017351	-0.011722	-0.012103	-0.011444	-0.014637	-0.011080	-0.010864	-0.012540	-0.011067	-0.012905	-0.011610	-0.012764	-0.007732	-0.011304	-0.015066	-0.010006	-0.009450	-0.011743	-0.011024	-0.012493	-0.011984	-0.011273	-0.012747	-0.009443	-0.003583	-0.008401	-0.015558	-0.010651	-0.013268	-0.009526	-0.000824	-0.010584	-0.015019	-0.011845	-0.010690	-0.014104	-0.008337	-0.011202	-0.016438	-0.014182	-0.008973	-0.014972	-0.013923	-0.010790	-0.013266	-0.010007	-0.016947	-0.013356	-0.013541	-0.015359	-0.007981	-0.008117	-0.011856	-0.007398	-0.011201	-0.010029	-0.011348	-0.015284	-0.014538	-0.009331	-0.014137	-0.012378	-0.013880	-0.013035	-0.010894	-0.007508	-0.013517	-0.013973	-0.013382	
-0.012087	-0.013795	-0.013935	-0.011058	-0.010276	-0.009952	-0.010683	-0.010755	-0.012635	0.989897	-0.014859	-0.009949	-0.012869	-0.013179	-0.013899	-0.010254	-0.010094	-0.009810	-0.011496	-0.007993	-0.010754	-0.012286	-0.008239	-0.013215	-0.009376	-0.009890	-0.010729	-0.011576	-0.014689	-0.007523	-0.010560	-0.012694	-0.011831	-0.010695	-0.011639	-0.016798	-0.012905	-0.013886	-0.014185	-0.009195	-0.007888	-0.009689	-0.013549	-0.010810	-0.012366	-0.008937	-0.011722	-0.011610	-0.011034	-0.014528	-0.009423	-0.012581	-0.011249	-0.010927	-0.010542	-0.013048	-0.009361	-0.009287	-0.011787	-0.014847	-0.009509	-0.010957	-0.010129	-0.009736	-0.010468	-0.012787	-0.011374	-0.009506	-0.013157	-0.007168	-0.014272	-0.011435	-0.009438	-0.012378	-0.010006	-0.012790	-0.011890	-0.012219	-0.010977	-0.009451	-0.010846	-0.011063	-0.012767	-0.013152	-0.011465	-0.010649	-0.008593	-0.012087	-0.014578	-0.011905	-0.010234	-0.010620	-0.010073	-0.012850	-0.012689	-0.013392	-0.017101	-0.011818	-0.013416	-0.011183	-0.009623	
-0.010273	-0.011095	-0.014867	-0.006515	-0.011805	-0.013958	-0.016943	-0.006045	-0.002722	-0.014859	1.006146	-0.013670	-0.016695	-0.010855	-0.011043	-0.015515	-0.015008	-0.012645	-0.012120	-0.012781	-0.015473	-0.011267	-0.010394	-0.012230	-0.010043	-0.008655	-0.010998	-0.012175	0.001427	-0.014103	-0.006811	-0.016809	-0.016614	-0.012128	-0.011079	-0.010110	-0.014169	-0.012653	-0.010298	-0.008331	-0.012165	-0.014693	-0.010229	-0.017671	-0.012471	-0.010352	-0.013156	-0.014447	-0.006756	-0.012208	-0.015882	-0.016896	-0.007148	-0.008240	-0.016161	-0.010372	-0.004102	-0.008485	-0.009018	-0.015899	-0.012142	-0.017098	-0.003035	-0.014976	-0.010841	-0.010748	-0.010558	-0.006613	-0.013154	-0.010787	-0.009532	-0.010698	-0.014445	-0.013675	-0.009430	-0.011063	-0.012495	-0.012315	-0.010601	-0.013633	-0.008450	-0.015654	-0.012270	-0.009255	-0.011949	-0.010287	-0.010982	-0.011528	-0.012334	-0.011055	-0.013218	-0.013340	-0.013833	-0.013557	-0.012106	-0.013708	-0.014462	-0.009307	-0.007745	-0.009956	-0.012575	
-0.013292	-0.012391	-0.002501	-0.010133	-0.006907	-0.008161	-0.006253	-0.013239	-0.014256	-0.009949	-0.013670	0.999353	-0.011626	-0.010196	-0.012496	-0.010302	-0.012168	-0.011597	-0.013075	-0.008075	-0.008111	-0.009706	-0.012496	-0.014626	-0.016607	-0.010057	-0.010892	-0.012925	-0.015288	-0.003551	-0.010155	-0.009437	-0.001502	-0.013211	-0.012613	-0.011191	-0.010537	-0.010532	-0.009842	-0.015295	-0.014263	-0.013473	-0.011058	-0.014146	-0.014017	-0.013834	-0.012229	-0.011413	-0.013161	-0.010262	-0.013780	0.008281	-0.011261	-0.013042	-0.012931	-0.013215	-0.013263	-0.006165	-0.012430	-0.011524	-0.008820	-0.015105	-0.013786	-0.012992	-0.011786	-0.008535	-0.012375	-0.010241	-0.014364	-0.011963	-0.014118	-0.010556	-0.007834	-0.010881	-0.014121	-0.013050	-0.014179	-0.013789	-0.012918	-0.016020	-0.014191	-0.009427	-0.012438	-0.011059	-0.009762	-0.009368	-0.013971	-0.014048	-0.016066	-0.012931	-0.012322	-0.012763	-0.011905	-0.010627	-0.013304	-0.012125	-0.014007	-0.011688	-0.010853	-0.018742	-0.012566	
-0.010013	-0.010208	-0.014795	-0.009693	-0.011146	-0.005791	-0.007194	-0.009258	-0.013188	-0.012869	-0.016695	-0.011626	0.998899	-0.011441	-0.012318	-0.008043	-0.007478	-0.012832	-0.015244	-0.011686	-0.013073	-0.011807	-0.011773	-0.011893	-0.012404	-0.008651	-0.011239	-0.012373	-0.013590	-0.009455	-0.010320	-0.009957	-0.011365	-0.010885	-0.010293	-0.012241	-0.013652	-0.011545	-0.014340	-0.011865	-0.012089	-0.013624	-0.011734	-0.010999	-0.014958	-0.009817	-0.010077	-0.009104	-0.013173	-0.012831	-0.011658	-0.013471	-0.012868	-0.010444	-0.014153	-0.013763	-0.013372	-0.012077	-0.013761	-0.012370	-0.014492	-0.012479	-0.012105	-0.013101	-0.013905	-0.008867	-0.014111	-0.011398	-0.013714	-0.008835	-0.008976	-0.011001	-0.009773	-0.011164	-0.009550	-0.012616	-0.008993	-0.011930	-0.012031	-0.009111	-0.012422	-0.011498	-0.010872	-0.009690	-0.012649	-0.008384	-0.014406	-0.011464	-0.011354	-0.012718	-0.010535	-0.011023	-0.013816	-0.012284	-0.011462	-0.007947	-0.008070	-0.010915	-0.013029	-0.011243	-0.012994	
-0.012276	-0.009144	-0.008613	-0.014815	-0.015529	-0.009996	-0.012037	-0.016247	-0.013245	-0.013179	-0.010855	-0.010196	-0.011441	0.992452	-0.015818	-0.010287	-0.012802	-0.011015	-0.009562	-0.011171	-0.009411	-0.013425	-0.005425	-0.010713	-0.012233	-0.010125	-0.008224	-0.010966	-0.010633	-0.011433	-0.012931	-0.012876	-0.013503	-0.011838	-0.010276	-0.012356	-0.011497	-0.015106	-0.010120	-0.012285	-0.012428	-0.011589	-0.010254	-0.011998	-0.013213	-0.012826	-0.012963	-0.010867	-0.009117	-0.015317	-0.010411	-0.012536	-0.011878	-0.014657	-0.011947	-0.004014	-0.012505	-0.012676	-0.007073	-0.012172	-0.012506	-0.009188	-0.013781	-0.013429	-0.014269	-0.014229	-0.009437	-0.007189	-0.010853	-0.008292	-0.011868	-0.014199	-0.013868	-0.012240	-0.011046	-0.011837	-0.008353	-0.016826	-0.012701	-0.008939	-0.011509	-0.013539	-0.012468	-0.001069	-0.010302	-0.009936	-0.010136	-0.009953	-0.004633	-0.009383	-0.014321	-0.014087	-0.015032	-0.014653	-0.012532	-0.015545	0.000150	-0.014053	-0.012199	-0.011922	-0.014035	
-0.011205	-0.011098	-0.012833	-0.013877	-0.013168	-0.010007	-0.014727	-0.010260	-0.013278	-0.013899	-0.011043	-0.012496	-0.012318	-0.015818	1.004777	-0.014204	-0.013638	-0.011416	-0.009987	-0.014017	-0.011123	-0.013015	-0.008330	-0.014444	-0.013109	-0.013567	-0.015807	-0.010770	-0.001257	-0.009259	-0.013621	-0.010936	-0.006252	-0.008583	-0.010046	-0.006091	-0.008946	-0.012766	-0.012435	-0.015961	-0.013966	-0.010234	-0.008048	-0.014095	-0.012542	-0.011655	-0.012633	-0.011941	-0.017001	-0.012645	-0.005975	-0.011533	-0.010514	-0.009569	-0.012519	-0.014694	-0.007530	-0.011160	-0.010386	-0.011282	-0.016651	-0.014358	-0.012731	-0.014640	-0.006153	-0.009957	-0.011387	-0.013440	-0.013768	-0.006619	-0.007476	-0.012184	-0.013868	-0.012723	-0.010094	-0.013029	-0.011116	-0.008076	-0.013569	-0.013124	-0.012764	-0.011698	-0.014181	-0.011038	-0.010230	-0.010057	-0.014156	-0.008634	-0.009616	-0.009662	-0.010490	-0.011654	-0.006905	-0.010189	-0.011954	-0.012323	-0.013574	-0.011624	-0.011959	-0.018419	-0.011301	
-0.009437	-0.009791	-0.009809	-0.015004	0.000995	-0.012165	-0.010748	-0.012298	-0.014452	-0.010254	-0.015515	-0.010302	-0.008043	-0.010287	-0.014204	1.006779	-0.012151	-0.013333	-0.012477	-0.012247	-0.012067	-0.011484	-0.012300	-0.011132	-0.009341	-0.016195	-0.010483	-0.011373	-0.012778	-0.013136	-0.010706	-0.012560	-0.013860	-0.010824	-0.009868	-0.010290	-0.008697	-0.012794	-0.012626	-0.012363	-0.013811	-0.000985	-0.012564	-0.010097	-0.010750	-0.011996	-0.015105	-0.014518	-0.009803	-0.012832	-0.013692	-0.012344	-0.012420	-0.016451	-0.010261	-0.005355	-0.014883	-0.011729	-0.014951	-0.011481	-0.015042	-0.008615	-0.013790	-0.012808	-0.005913	-0.010962	-0.009944	-0.010834	-0.010408	-0.010173	-0.015648	-0.010368	-0.012827	-0.007088	-0.012029	-0.009928	-0.009174	-0.014406	-0.011883	-0.010660	-0.016776	-0.009045	-0.012253	-0.008029	-0.013317	-0.012956	-0.013892	-0.015546	-0.010625	-0.016083	-0.007320	-0.009372	-0.013707	-0.011504	-0.013096	-0.012767	-0.011749	-0.014399	-0.015687	-0.015759	-0.010045	
-0.012220	-0.010050	-0.013501	-0.010474	-0.012289	-0.013149	-0.013468	-0.008767	-0.010852	-0.010094	-0.015008	-0.012168	-0.007478	-0.012802	-0.013638	-0.012151	0.995082	-0.011278	-0.009201	-0.014314	-0.015854	-0.009434	-0.013912	-0.011723	-0.010951	-0.011299	-0.008793	-0.008826	-0.007213	-0.012905	-0.015293	-0.013297	-0.015866	-0.013315	-0.010272	-0.014778	-0.008624	-0.013249	-0.007119	-0.010677	-0.009449	-0.011216	-0.011549	-0.010379	-0.012133	-0.011486	-0.011026	-0.013598	-0.014306	-0.013747	-0.014920	-0.012109	-0.011541	-0.011746	-0.010538	-0.012826	-0.013067	-0.010517	-0.013763	-0.010550	-0.010250	-0.014103	-0.013549	-0.011170	-0.008656	-0.012245	-0.007896	-0.010704	-0.010490	-0.009841	-0.008748	-0.008389	-0.008361	-0.013397	-0.015442	-0.011907	-0.010322	-0.010883	-0.015907	-0.013597	-0.007476	-0.008225	-0.012649	-0.012269	-0.015510	-0.015220	-0.013100	-0.008088	-0.011965	-0.010391	-0.010440	-0.012040	-0.011235	-0.010191	-0.010225	-0.008441	-0.007550	-0.006950	-0.012658	-0.015960	-0.012476	
-0.008605	-0.011388	-0.009764	-0.013318	-0.009182	-0.019836	-0.013170	-0.014062	-0.014861	-0.009810	-0.012645	-0.011597	-0.012832	-0.011015	-0.011416	-0.013333	-0.011278	1.008390	-0.007857	-0.009881	-0.012854	-0.011359	-0.015346	-0.012990	-0.010034	-0.015679	-0.008797	-0.008492	-0.009428	-0.006898	-0.015826	-0.010621	-0.014499	-0.011666	-0.008858	-0.015008	-0.013837	-0.013202	-0.010609	-0.011402	-0.011415	-0.011930	-0.009703	-0.013512	-0.015327	-0.004512	-0.017153	-0.009316	-0.010992	-0.011173	-0.013862	-0.013237	-0.014462	-0.013357	-0.008652	-0.011772	-0.009195	-0.008605	-0.012393	-0.012276	-0.004497	-0.010153	-0.007115	-0.010807	-0.012924	-0.011009	-0.011567	-0.012874	-0.007569	-0.013378	-0.013433	-0.011065	-0.010233	-0.009090	-0.014071	-0.013514	-0.012345	-0.016059	-0.009200	-0.011285	-0.009234	-0.012817	-0.012956	-0.010894	-0.013003	-0.010952	-0.011130	-0.011546	-0.014092	-0.010697	-0.011358	-0.009846	-0.016050	-0.010284	-0.010913	-0.010058	-0.011629	-0.013553	-0.013341	-0.011210	-0.014402	
-0.010606	-0.011690	-0.014756	-0.012733	-0.011148	-0.011542	-0.010679	-0.013016	-0.010286	-0.011496	-0.012120	-0.013075	-0.015244	-0.009562	-0.009987	-0.012477	-0.009201	-0.007857	1.011361	-0.017790	-0.011644	-0.010415	-0.013521	-0.010071	-0.008542	-0.012319	-0.012428	-0.013405	-0.010068	-0.007697	-0.011366	-0.013171	-0.014000	-0.009990	-0.010741	-0.007877	-0.014239	-0.013243	-0.012467	-0.011378	-0.011200	-0.009973	-0.012452	-0.012078	-0.014120	-0.010834	-0.012093	-0.008072	-0.011053	-0.011660	-0.011568	-0.014348	-0.010511	-0.011028	-0.007618	-0.010725	-0.008759	-0.010588	-0.011109	-0.014406	-0.010815	-0.010200	-0.013188	-0.014748	-0.012732	-0.012163	-0.010765	-0.010855	-0.013843	-0.014294	-0.007080	-0.016198	-0.012730	-0.010346	-0.014613	-0.012651	-0.013742	-0.008891	-0.006304	-0.011854	-0.012803	-0.006659	-0.012060	-0.010845	-0.010864	-0.017436	-0.011582	-0.012714	-0.015263	-0.009157	-0.011582	-0.013055	-0.014194	-0.014309	-0.010461	-0.011948	-0.014350	-0.013498	-0.011300	-0.013334	-0.010184	
-0.012829	-0.010919	-0.011261	-0.006198	-0.013982	-0.013427	-0.010713	-0.010871	-0.013558	-0.007993	-0.012781	-0.008075	-0.011686	-0.011171	-0.014017	-0.012247	-0.014314	-0.009881	-0.017790	1.006047	-0.010721	-0.011347	-0.014205	-0.011213	-0.013123	-0.010125	-0.015619	-0.008841	-0.011685	-0.008151	-0.011302	-0.010707	-0.016148	-0.012556	-0.009174	-0.012267	-0.013064	-0.013183	-0.009306	-0.012022	-0.008688	-0.010124	-0.011228	-0.012644	-0.014032	-0.009836	-0.011753	-0.011093	-0.012093	-0.009330	-0.013548	-0.007656	-0.011624	-0.011488	-0.010767	-0.016896	-0.008741	-0.011255	-0.014797	-0.012909	-0.010170	-0.009248	-0.011961	-0.008505	-0.015300	-0.012919	-0.008890	-0.012225	-0.015265	-0.011888	-0.012415	-0.007547	-0.011242	-0.017877	-0.009378	-0.010383	-0.014966	-0.013000	-0.011824	-0.012716	-0.013680	-0.011351	-0.013769	-0.009494	-0.010959	-0.007358	-0.010447	-0.010220	-0.011944	-0.008633	-0.013098	-0.010670	-0.013277	-0.008407	-0.012256	-0.009767	-0.011152	-0.013716	-0.013638	-0.007942	-0.015790	
-0.011990	-0.010889	-0.013882	-0.013160	-0.014359	-0.012562	-0.007892	-0.012855	-0.009862	-0.010754	-0.015473	-0.008111	-0.013073	-0.009411	-0.011123	-0.012067	-0.015854	-0.012854	-0.011644	-0.010721	1.003410	-0.012530	-0.012384	-0.009242	-0.008554	-0.012394	-0.012504	-0.014896	-0.016096	-0.012889	-0.010720	-0.008493	-0.012116	-0.007340	-0.010633	-0.011936	-0.011896	-0.006748	-0.010235	-0.009414	-0.010564	-0.010652	-0.011324	-0.008522	-0.010058	-0.013050	-0.013499	-0.009396	-0.012145	-0.010384	-0.013651	-0.010175	-0.008177	-0.012858	-0.012251	-0.011073	-0.011151	-0.012003	-0.012301	-0.014602	-0.016110	-0.010785	-0.011829	-0.012670	-0.013131	-0.013025	-0.016029	-0.014651	-0.009311	-0.012243	-0.013362	-0.013634	-0.009330	-0.007285	-0.010372	-0.013748	-0.010556	-0.015326	-0.011486	-0.011828	-0.011100	-0.010965	-0.007530	-0.007135	-0.012026	-0.009975	-0.011427	-0.013610	-0.016451	-0.015299	-0.009926	-0.015037	-0.007684	-0.012215	-0.012222	-0.009592	-0.014666	-0.012001	-0.012134	-0.007010	-0.010573	
-0.012696	-0.009975	-0.011574	-0.007522	-0.014447	-0.014444	-0.013435	-0.009345	-0.009281	-0.012286	-0.011267	-0.009706	-0.011807	-0.013425	-0.013015	-0.011484	-0.009434	-0.011359	-0.010415	-0.011347	-0.012530	0.995252	-0.014201	-0.008516	-0.011505	-0.012254	-0.010157	-0.009183	-0.010424	-0.010180	-0.011193	-0.011594	-0.014543	-0.017135	-0.010732	-0.010593	-0.008945	-0.013581	-0.011985	-0.012222	-0.010065	-0.007958	-0.018671	-0.011698	-0.012621	-0.006473	-0.011331	-0.010182	-0.010226	-0.010472	-0.014293	-0.010391	-0.015993	-0.013903	-0.011241	-0.012737	-0.006304	-0.014108	-0.014654	-0.012338	-0.007734	-0.009487	-0.012162	-0.010914	-0.010495	-0.012373	-0.010211	-0.013365	-0.006964	-0.010620	-0.011913	-0.011300	-0.013853	-0.011136	-0.010650	-0.010241	-0.011832	-0.009061	-0.013836	-0.014607	-0.009967	-0.009173	-0.014625	-0.015980	-0.005703	-0.010040	-0.010592	-0.015053	-0.014553	-0.013325	-0.007921	-0.009075	-0.011506	-0.012188	-0.009857	-0.011278	-0.014137	-0.014668	-0.014420	-0.011312	-0.008277	
-0.012990	-0.013012	-0.010369	-0.010671	-0.014458	-0.011745	-0.011865	-0.006382	-0.010412	-0.008239	-0.010394	-0.012496	-0.011773	-0.005425	-0.008330	-0.012300	-0.013912	-0.015346	-0.013521	-0.014205	-0.012384	-0.014201	1.009268	-0.011687	-0.012899	-0.009831	-0.012451	-0.010935	-0.009921	-0.011339	-0.012447	-0.010797	-0.011614	-0.008821	-0.009858	-0.012372	-0.012915	-0.013953	-0.014239	-0.012832	-0.010365	-0.014451	-0.010380	-0.007870	-0.012995	-0.007455	-0.011843	-0.013924	-0.015954	-0.015711	-0.008337	-0.013449	-0.007718	-0.008395	-0.012828	-0.003434	-0.014668	-0.015414	-0.009954	-0.015200	-0.015748	-0.012696	-0.014743	-0.016344	-0.013928	-0.012166	-0.011095	-0.009891	-0.013207	-0.009551	-0.011717	-0.012685	-0.012418	-0.012927	-0.013741	-0.010949	-0.012261	-0.012919	-0.010720	-0.012039	-0.012074	-0.013654	-0.011262	-0.009432	-0.014031	-0.007126	-0.007580	-0.010691	-0.009510	-0.014221	-0.011639	-0.009563	-0.016043	-0.011620	-0.014536	-0.010749	-0.009319	-0.007035	-0.010783	-0.013793	-0.009048	
-0.013203	-0.012581	-0.010211	-0.008170	-0.015336	-0.009826	-0.011823	-0.006041	-0.011544	-0.013215	-0.012230	-0.014626	-0.011893	-0.010713	-0.014444	-0.011132	-0.011723	-0.012990	-0.010071	-0.011213	-0.009242	-0.008516	-0.011687	1.011035	-0.012557	-0.012651	-0.010087	-0.013576	-0.016705	-0.013215	-0.014109	-0.013332	-0.014665	-0.011470	-0.013223	-0.011693	-0.014723	-0.012696	-0.012150	-0.013167	-0.012879	-0.012246	-0.013287	-0.013528	-0.014184	-0.014139	-0.009646	-0.013389	-0.013527	-0.011132	-0.014436	-0.017215	-0.011505	-0.009374	-0.013467	-0.012455	-0.007199	-0.012955	-0.011658	-0.010804	-0.012702	-0.013827	-0.009850	-0.008815	-0.011945	-0.011360	-0.011464	-0.012778	-0.008203	-0.012085	-0.012955	-0.010251	-0.012268	-0.007363	-0.014668	-0.007828	-0.012953	-0.014528	-0.016255	-0.016337	-0.007067	-0.009125	-0.007758	-0.007577	-0.010735	-0.011547	-0.011878	-0.013731	-0.008357	-0.010936	-0.013489	-0.007998	-0.011747	-0.012582	-0.006434	-0.012133	-0.012270	-0.010389	-0.010757	-0.006903	-0.007633	
-0.009776	-0.013098	-0.016516	-0.013728	-0.011198	-0.009091	-0.010842	-0.012389	-0.007571	-0.009376	-0.010043	-0.016607	-0.012404	-0.012233	-0.013109	-0.009341	-0.010951	-0.010034	-0.008542	-0.013123	-0.008554	-0.011505	-0.012899	-0.012557	0.993510	-0.011153	-0.012357	-0.017077	-0.015534	-0.013465	-0.005553	-0.012997	-0.015247	-0.013332	-0.009466	-0.014320	-0.011408	-0.009148	-0.012159	-0.009084	-0.013865	-0.013353	-0.014727	-0.010220	-0.003400	-0.005998	-0.010579	-0.011214	-0.012226	-0.012683	-0.012017	-0.008334	-0.015625	-0.008936	-0.010445	-0.008322	-0.013491	-0.009328	-0.008151	-0.014602	-0.010584	-0.013537	-0.007067	-0.011584	-0.012686	-0.007005	-0.012588	-0.011231	-0.015166	-0.006949	-0.008071	-0.011484	-0.006852	-0.010306	-0.013628	-0.012275	-0.011073	-0.007620	-0.010254	-0.010989	-0.012749	-0.013876	-0.013446	-0.013902	-0.008242	-0.016995	-0.015133	-0.012271	-0.013489	-0.012099	-0.011612	-0.010129	-0.012770	-0.009927	-0.012493	-0.012223	-0.011997	-0.015626	-0.013549	-0.014287	-0.011585	
-0.013518	-0.011857	-0.011325	-0.011215	-0.011015	-0.008351	-0.010863	-0.013279	-0.010440	-0.009890	-0.008655	-0.010057	-0.008651	-0.010125	-0.013567	-0.016195	-0.011299	-0.015679	-0.012319	-0.010125	-0.012394	-0.012254	-0.009831	-0.012651	-0.011153	1.001380	-0.013004	-0.009092	-0.015659	-0.009536	-0.009616	-0.010741	-0.016922	-0.013952	-0.014627	-0.011283	-0.008333	-0.012454	-0.012145	-0.014764	-0.014321	-0.011170	-0.012489	-0.011848	-0.009133	-0.014275	-0.009897	-0.012992	-0.009551	-0.007672	-0.012624	-0.014529	-0.006023	-0.012395	-0.012106	-0.011469	-0.012460	-0.011836	-0.012708	-0.015135	-0.017382	-0.013637	-0.010613	-0.016212	-0.011523	-0.013160	-0.014950	-0.008821	-0.013265	-0.010901	-0.010362	-0.010972	-0.011936	-0.010677	-0.013724	-0.010028	-0.009790	-0.011980	-0.011602	-0.010484	-0.011539	-0.006517	-0.009282	-0.010105	-0.012040	-0.008359	-0.010132	-0.009176	-0.012335	-0.008127	-0.009162	-0.012225	-0.012379	-0.013747	-0.011372	-0.011392	-0.012467	-0.009848	-0.013872	-0.010949	-0.009835	
-0.011779	-0.010254	-0.013342	-0.007824	-0.012744	-0.009855	-0.011817	-0.007737	-0.010955	-0.010729	-0.010998	-0.010892	-0.011239	-0.008224	-0.015807	-0.010483	-0.008793	-0.008797	-0.012428	-0.015619	-0.012504	-0.010157	-0.012451	-0.010087	-0.012357	-0.013004	0.991958	-0.009610	-0.015030	-0.010938	-0.009482	-0.008570	-0.014248	-0.015237	-0.012406	-0.010802	-0.010452	-0.008778	-0.013124	-0.015441	-0.012375	-0.008442	-0.011346	-0.011165	-0.009103	-0.012245	-0.012275	-0.009601	-0.010289	-0.014088	-0.010211	-0.009652	-0.011278	-0.013702	-0.010948	-0.011822	-0.011875	-0.013547	-0.008407	-0.013313	-0.015352	-0.010499	-0.011023	-0.011768	-0.008210	-0.008967	-0.013474	-0.014024	-0.011650	-0.015516	-0.013137	-0.014654	-0.017218	-0.005729	-0.014962	-0.016037	-0.011222	-0.012300	-0.013533	-0.011976	-0.008367	-0.012083	-0.011996	-0.009059	-0.010350	-0.014469	-0.010430	-0.011802	-0.013110	-0.010882	-0.009274	-0.007737	-0.011674	-0.011394	-0.009262	-0.006735	-0.013729	-0.011041	-0.013972	-0.009719	-0.011975	
-0.008092	-0.013638	-0.011804	-0.014217	-0.012113	-0.014423	-0.011417	-0.011052	-0.009235	-0.011576	-0.012175	-0.012925	-0.012373	-0.010966	-0.010770	-0.011373	-0.008826	-0.008492	-0.013405	-0.008841	-0.014896	-0.009183	-0.010935	-0.013576	-0.017077	-0.009092	-0.009610	0.980076	-0.012492	-0.008272	-0.011492	-0.013594	-0.014320	-0.012710	-0.012219	-0.015422	-0.008927	-0.012122	-0.010173	-0.009865	-0.012226	-0.013398	-0.011969	-0.009163	-0.013167	-0.008149	-0.011043	-0.011584	-0.014773	-0.010719	-0.010521	-0.010839	-0.012574	-0.010703	-0.012869	-0.010792	-0.013254	-0.010696	-0.013345	-0.012563	-0.014877	-0.008649	-0.009185	-0.011113	-0.009294	-0.010054	-0.009970	-0.009012	-0.010341	-0.011331	-0.012897	-0.012961	-0.011508	-0.013997	-0.009793	-0.013282	-0.011541	-0.006965	-0.010534	-0.012129	-0.010003	-0.010079	-0.014086	-0.010966	-0.011424	-0.009274	-0.012819	-0.013830	-0.007530	-0.012750	-0.009379	-0.011741	-0.009371	-0.008865	-0.009737	-0.011267	-0.015183	-0.010215	-0.007562	-0.011137	-0.011468	
-0.011242	-0.013811	-0.013965	-0.012792	-0.010702	-0.013098	-0.013950	-0.015134	-0.016939	-0.014689	0.001427	-0.015288	-0.013590	-0.010633	-0.001257	-0.012778	-0.007213	-0.009428	-0.010068	-0.011685	-0.016096	-0.010424	-0.009921	-0.016705	-0.015534	-0.015659	-0.015030	-0.012492	1.029218	-0.015880	-0.012620	-0.011647	0.004961	-0.009399	-0.010471	-0.002206	-0.010653	-0.015294	-0.016281	-0.013154	-0.012268	-0.014663	-0.003584	-0.016413	-0.009647	-0.013031	-0.013054	-0.018083	-0.015965	-0.014534	-0.004991	-0.015101	-0.015780	-0.014621	-0.009910	-0.017097	-0.015173	-0.010337	-0.013404	-0.003049	-0.010874	-0.013493	-0.012983	-0.014223	-0.001879	-0.016344	-0.010174	-0.011104	-0.013487	-0.016383	-0.009278	-0.016511	-0.016116	-0.015394	-0.011879	-0.011782	-0.012561	-0.012640	-0.008626	-0.011757	-0.014754	-0.014528	-0.014575	-0.011140	-0.013429	-0.013450	-0.007752	-0.002252	-0.000828	-0.013852	-0.016573	-0.013487	-0.014406	-0.008977	-0.014793	-0.010504	-0.006366	-0.013538	-0.011531	-0.017316	-0.009767	
-0.011814	-0.014600	-0.010428	-0.011713	-0.012053	-0.011803	-0.011907	-0.013835	-0.011981	-0.007523	-0.014103	-0.003551	-0.009455	-0.011433	-0.009259	-0.013136	-0.012905	-0.006898	-0.007697	-0.008151	-0.012889	-0.010180	-0.011339	-0.013215	-0.013465	-0.009536	-0.010938	-0.008272	-0.015880	1.002422	-0.010178	-0.011845	-0.015137	-0.009998	-0.012789	-0.010728	-0.010094	-0.014877	-0.013625	-0.013395	-0.013851	-0.010489	-0.011715	-0.010413	-0.013045	-0.011896	-0.012136	-0.010186	-0.016331	-0.009523	-0.011393	-0.009745	-0.010614	-0.011789	-0.010896	-0.016835	-0.008823	-0.010622	-0.010795	-0.012283	-0.007384	-0.013890	-0.013792	-0.015829	-0.014469	-0.014849	-0.012060	-0.011131	-0.013077	-0.007649	-0.004861	-0.011858	-0.013038	-0.008487	-0.012862	-0.010532	-0.010578	-0.011179	-0.013406	-0.011014	-0.011653	-0.011360	-0.013901	-0.010815	-0.009493	-0.010115	-0.009947	-0.012954	-0.014193	-0.011912	-0.011374	-0.012300	-0.008189	-0.011754	-0.009137	-0.013747	-0.014282	-0.018004	-0.014340	-0.009556	-0.014222	
-0.011424	-0.014908	-0.013380	-0.011924	-0.014195	-0.009017	-0.010170	-0.014224	-0.004518	-0.010560	-0.006811	-0.010155	-0.010320	-0.012931	-0.013621	-0.010706	-0.015293	-0.015826	-0.011366	-0.011302	-0.010720	-0.011193	-0.012447	-0.014109	-0.005553	-0.009616	-0.009482	-0.011492	-0.012620	-0.010178	1.004296	-0.010607	-0.012266	-0.013470	-0.013114	-0.012809	-0.010021	-0.008624	-0.010438	-0.008668	-0.015544	-0.012624	-0.011525	-0.012176	-0.010808	-0.008678	-0.014587	-0.009289	-0.012228	-0.011087	-0.013664	-0.014336	-0.013666	0.018887	-0.014492	-0.018159	-0.005947	-0.010554	-0.014773	-0.012384	-0.010078	-0.008704	-0.008789	-0.010800	-0.010533	-0.010248	-0.013014	-0.013615	-0.013734	-0.012452	-0.018105	-0.013212	-0.012520	-0.010512	-0.011257	-0.013128	-0.011351	-0.011671	-0.013281	-0.017933	-0.012164	-0.011905	-0.015387	-0.011382	-0.011110	-0.011742	-0.013627	-0.014674	-0.012543	-0.015332	-0.008711	-0.010203	-0.011890	-0.013284	-0.010413	-0.011162	-0.012862	-0.011919	-0.010865	-0.014571	-0.013049	
-0.011018	-0.009284	-0.012676	-0.009177	-0.012330	-0.011334	-0.009821	-0.014704	-0.008539	-0.012694	-0.016809	-0.009437	-0.009957	-0.012876	-0.010936	-0.012560	-0.013297	-0.010621	-0.013171	-0.010707	-0.008493	-0.011594	-0.010797	-0.013332	-0.012997	-0.010741	-0.008570	-0.013594	-0.011647	-0.011845	-0.010607	1.005603	-0.012118	-0.014366	-0.011565	-0.011708	-0.013423	-0.011757	-0.011433	-0.013448	-0.012192	-0.010305	-0.009816	-0.011332	-0.012328	-0.012230	-0.014631	-0.011030	-0.012227	-0.010774	-0.010029	-0.014305	-0.009712	-0.014374	-0.012500	-0.015139	-0.009524	-0.013680	-0.014903	-0.010328	-0.009303	-0.010517	-0.014307	-0.009044	-0.011019	-0.011327	-0.014045	-0.007182	-0.014244	-0.012622	-0.015118	-0.007730	-0.013543	-0.015892	-0.012076	-0.010583	-0.013974	-0.012174	-0.010601	-0.013352	-0.011761	-0.013400	-0.013567	-0.013035	-0.010479	-0.011004	-0.012126	-0.014809	-0.006231	-0.009851	-0.012356	-0.012367	-0.007358	-0.008236	-0.007124	-0.010319	-0.011702	-0.010934	-0.011106	-0.012396	-0.008659	
-0.015009	-0.013859	-0.000060	-0.016065	-0.015007	-0.012141	-0.011377	-0.013281	-0.017351	-0.011831	-0.016614	-0.001502	-0.011365	-0.013503	-0.006252	-0.013860	-0.015866	-0.014499	-0.014000	-0.016148	-0.012116	-0.014543	-0.011614	-0.014665	-0.015247	-0.016922	-0.014248	-0.014320	0.004961	-0.015137	-0.012266	-0.012118	1.001456	-0.004526	-0.013688	-0.001059	-0.006989	-0.011196	-0.012804	-0.015316	-0.017416	-0.014104	-0.008807	-0.013538	-0.010620	-0.013311	-0.009795	-0.006298	-0.015808	-0.009785	0.002385	0.012468	-0.014360	-0.013258	-0.011113	-0.016490	-0.014391	-0.012444	-0.015221	-0.002388	-0.014406	-0.015717	-0.010238	-0.010842	-0.002153	-0.012598	-0.013848	-0.014013	-0.015910	-0.009964	-0.015912	-0.012619	-0.011853	-0.010354	-0.014667	-0.012451	-0.011329	-0.017020	-0.015434	-0.010559	-0.011155	-0.016055	-0.010677	-0.012131	-0.016286	-0.011490	-0.013853	-0.007956	-0.001112	-0.011486	-0.010821	-0.013043	-0.012632	-0.014157	-0.014409	-0.010191	-0.001375	-0.011051	-0.012795	-0.013587	-0.015191	
-0.010208	-0.008959	-0.011385	-0.012594	-0.013486	-0.010267	-0.011913	-0.013031	-0.011722	-0.010695	-0.012128	-0.013211	-0.010885	-0.011838	-0.008583	-0.010824	-0.013315	-0.011666	-0.009990	-0.012556	-0.007340	-0.017135	-0.008821	-0.011470	-0.013332	-0.013952	-0.015237	-0.012710	-0.009399	-0.009998	-0.013470	-0.014366	-0.004526	1.004670	-0.009026	-0.006380	-0.006831	-0.013861	-0.011161	-0.014160	-0.014264	-0.012693	-0.008378	-0.014011	-0.013601	-0.009145	-0.012389	-0.011983	-0.013700	-0.012411	-0.004623	-0.010872	-0.013475	-0.013124	-0.012737	-0.012153	-0.012869	-0.010024	-0.015022	-0.010021	-0.016399	-0.011898	-0.012892	-0.011429	-0.010670	-0.012696	-0.009302	-0.012771	-0.008518	-0.017023	-0.013388	-0.011471	-0.014500	-0.012397	-0.010583	-0.016919	-0.007895	-0.011581	-0.010973	-0.008735	-0.010890	-0.012554	-0.011227	-0.011974	-0.015882	-0.011643	-0.010402	-0.011208	-0.008135	-0.011194	-0.009856	-0.015438	-0.009015	-0.010220	-0.014051	-0.011635	-0.009348	-0.009994	-0.012265	-0.014773	-0.011210	
-0.013184	-0.012860	-0.011764	-0.015393	-0.012132	-0.012429	-0.010717	-0.014397	-0.012103	-0.011639	-0.011079	-0.012613	-0.010293	-0.010276	-0.010046	-0.009868	-0.010272	-0.008858	-0.010741	-0.009174	-0.010633	-0.010732	-0.009858	-0.013223	-0.009466	-0.014627	-0.012406	-0.012219	-0.010471	-0.012789	-0.013114	-0.011565	-0.013688	-0.009026	1.007481	-0.011725	-0.012308	-0.009974	-0.011517	-0.013167	-0.010879	-0.013684	-0.013446	-0.013765	-0.013452	-0.010470	-0.011569	-0.007900	-0.012059	0.001173	-0.014197	-0.010208	-0.011966	-0.012541	-0.010384	-0.008341	-0.012163	-0.011980	-0.012988	-0.015063	-0.009624	-0.011285	-0.017309	-0.014888	-0.013583	-0.013038	-0.009655	-0.011558	-0.013847	-0.011053	-0.010268	-0.012363	-0.010029	-0.012880	-0.012644	-0.010899	-0.012708	-0.009464	-0.009641	-0.008102	-0.014111	-0.011771	-0.010739	-0.012880	-0.012226	-0.006258	-0.012919	-0.015215	-0.015958	-0.010169	-0.011683	-0.014734	-0.010894	-0.009956	-0.014079	-0.010237	-0.012578	-0.010013	-0.013507	-0.009033	-0.013923	
-0.013393	-0.015729	-0.015562	-0.011132	-0.009491	-0.014488	-0.012322	-0.012696	-0.011444	-0.016798	-0.010110	-0.011191	-0.012241	-0.012356	-0.006091	-0.010290	-0.014778	-0.015008	-0.007877	-0.012267	-0.011936	-0.010593	-0.012372	-0.011693	-0.014320	-0.011283	-0.010802	-0.015422	-0.002206	-0.010728	-0.012809	-0.011708	-0.001059	-0.006380	-0.011725	1.008016	-0.008445	-0.016981	-0.016944	-0.010262	-0.010482	-0.012399	-0.013112	-0.013136	-0.012567	-0.013928	-0.012885	-0.011424	-0.010599	-0.011872	-0.012001	-0.014908	-0.009108	-0.015696	-0.011962	-0.012515	-0.007659	-0.009773	-0.010236	-0.010353	-0.011817	-0.013228	-0.010547	-0.009846	-0.003089	-0.009843	-0.012933	-0.010462	-0.012719	-0.017120	-0.008198	-0.011696	-0.017085	-0.013761	-0.008825	-0.010309	-0.004870	-0.006937	-0.011442	-0.016182	-0.009599	-0.013057	-0.011834	-0.015337	-0.013033	-0.013021	-0.010128	-0.010228	-0.010792	-0.014074	-0.013018	-0.008257	-0.013690	-0.009279	-0.013110	-0.015812	-0.010773	-0.013124	-0.010088	-0.013484	-0.015054	
-0.010839	-0.009392	-0.009317	-0.009969	-0.016514	-0.013772	-0.010884	-0.012037	-0.014637	-0.012905	-0.014169	-0.010537	-0.013652	-0.011497	-0.008946	-0.008697	-0.008624	-0.013837	-0.014239	-0.013064	-0.011896	-0.008945	-0.012915	-0.014723	-0.011408	-0.008333	-0.010452	-0.008927	-0.010653	-0.010094	-0.010021	-0.013423	-0.006989	-0.006831	-0.012308	-0.008445	0.997744	-0.011022	-0.013641	-0.013676	-0.014013	-0.010882	-0.010035	-0.010181	-0.009536	-0.012337	-0.013048	-0.009351	-0.008573	-0.009481	-0.007506	-0.012699	-0.013351	-0.010687	-0.010733	-0.013038	-0.007259	-0.010028	-0.011751	-0.006453	-0.014740	-0.010371	-0.009202	-0.010210	-0.009046	-0.012594	-0.010582	-0.012449	-0.013483	-0.014089	-0.007609	-0.015471	-0.008372	-0.012436	-0.014996	-0.012995	-0.013336	-0.013443	-0.012925	-0.012948	-0.013363	-0.013846	-0.009093	-0.012548	-0.012502	-0.009132	-0.013226	-0.008410	-0.013204	-0.013840	-0.012937	-0.011973	-0.011042	-0.014139	-0.012128	-0.016563	-0.010995	-0.013610	-0.012251	-0.012686	-0.012659	
-0.011218	-0.007641	-0.012838	-0.011155	-0.010788	-0.006278	-0.008861	-0.011010	-0.011080	-0.013886	-0.012653	-0.010532	-0.011545	-0.015106	-0.012766	-0.012794	-0.013249	-0.013202	-0.013243	-0.013183	-0.006748	-0.013581	-0.013953	-0.012696	-0.009148	-0.012454	-0.008778	-0.012122	-0.015294	-0.014877	-0.008624	-0.011757	-0.011196	-0.013861	-0.009974	-0.016981	-0.011022	0.993792	-0.011952	-0.015109	-0.011144	-0.008433	-0.012583	-0.010618	-0.011806	-0.008228	-0.006129	-0.008033	-0.014701	-0.009786	-0.014736	-0.012361	-0.007958	-0.010991	-0.010471	-0.011630	-0.013203	-0.010670	-0.007782	-0.010824	-0.013694	-0.010970	-0.011333	-0.009845	-0.011205	-0.009931	-0.013610	-0.014900	-0.012671	-0.010035	-0.015282	-0.012977	-0.005661	-0.008276	-0.012208	-0.012052	-0.011634	-0.015999	-0.014268	-0.010071	-0.011006	-0.011679	-0.006522	-0.012896	-0.011981	-0.011297	-0.014181	-0.010294	-0.013165	-0.013656	-0.011546	-0.010842	-0.011516	-0.011876	-0.011648	-0.009824	-0.011247	-0.010775	-0.009154	-0.011113	-0.014718	
-0.013128	-0.012709	-0.015833	-0.011548	-0.014259	-0.011894	-0.006841	-0.010744	-0.010864	-0.014185	-0.010298	-0.009842	-0.014340	-0.010120	-0.012435	-0.012626	-0.007119	-0.010609	-0.012467	-0.009306	-0.010235	-0.011985	-0.014239	-0.012150	-0.012159	-0.012145	-0.013124	-0.010173	-0.016281	-0.013625	-0.010438	-0.011433	-0.012804	-0.011161	-0.011517	-0.016944	-0.013641	-0.011952	0.990006	-0.008820	-0.008281	-0.011221	-0.010886	-0.011705	-0.009348	-0.011519	-0.008932	-0.009856	-0.010518	-0.007584	-0.012154	-0.010477	-0.010757	-0.010987	-0.013421	-0.012503	-0.011206	-0.010952	-0.013184	-0.010903	-0.008864	-0.006112	-0.010649	-0.010397	-0.012560	-0.008602	-0.012679	-0.014406	-0.014045	-0.013368	-0.011864	-0.014182	-0.008889	-0.012373	-0.007132	-0.015658	-0.009712	-0.014423	-0.013015	-0.014386	-0.009161	-0.009626	-0.010872	-0.008273	-0.009859	-0.010653	-0.011970	-0.010572	-0.014315	-0.014068	-0.012154	-0.010943	-0.010829	-0.010951	-0.012256	-0.009919	-0.015158	-0.010412	-0.008497	-0.008620	-0.012776	
