0.981283	-0.009849	-0.010901	-0.012754	-0.011825	-0.010860	-0.009196	-0.012795	-0.010982	-0.010951	-0.012295	-0.012269	-0.010735	-0.011870	-0.007660	-0.009699	-0.012028	-0.010401	-0.009153	-0.013259	-0.009646	-0.010201	-0.012586	-0.011790	-0.010223	-0.012073	-0.009810	-0.007819	-0.010956	-0.011702	-0.009483	-0.008566	-0.012173	-0.010588	-0.012277	-0.009938	-0.010381	-0.010500	-0.012308	-0.012252	-0.012030	-0.010187	-0.008514	-0.014899	-0.012922	-0.010371	-0.009827	-0.008990	-0.011929	-0.009583	-0.009546	-0.012497	-0.011763	-0.009164	-0.010908	-0.008401	-0.012587	-0.006936	-0.010914	-0.011214	-0.007931	-0.011061	-0.011422	-0.011741	-0.013200	-0.014576	-0.009276	-0.012859	-0.009362	-0.011844	-0.013127	-0.010569	-0.010327	-0.014027	-0.009083	-0.010257	-0.010607	-0.010547	-0.011725	-0.012259	-0.012730	-0.014746	-0.009880	-0.012949	-0.010321	-0.007710	-0.011135	-0.011400	-0.013787	-0.010221	-0.011258	-0.012569	-0.011502	-0.010934	-0.010669	-0.009966	-0.011927	-0.009073	-0.013222	-0.009511	-0.011603	
-0.009849	1.007230	-0.012454	-0.009453	-0.011878	-0.012258	-0.010765	-0.009992	-0.013771	-0.012243	-0.013174	-0.014095	-0.010636	-0.009332	-0.011888	-0.009389	-0.013364	-0.010852	-0.011042	-0.010805	-0.010294	-0.011198	-0.013491	-0.009814	-0.013005	-0.011575	-0.010029	-0.010859	-0.011714	-0.014213	-0.012274	-0.009093	-0.013983	-0.009974	-0.010881	-0.013792	-0.010581	-0.008017	-0.012066	-0.004085	-0.011782	-0.009597	-0.010785	-0.013790	-0.011127	-0.009649	-0.012327	-0.009686	-0.006373	-0.012256	-0.011124	-0.013309	-0.013321	-0.010590	-0.011833	-0.009910	-0.010276	-0.011137	-0.011517	-0.009716	-0.012273	-0.014626	-0.013022	-0.012870	-0.010307	-0.011369	-0.012956	-0.012713	-0.014374	-0.012848	-0.014590	-0.010986	-0.010373	-0.009102	-0.013716	-0.010522	-0.012846	-0.008960	-0.011402	-0.012460	-0.014737	-0.013673	-0.010287	-0.014053	-0.010193	-0.011643	-0.010432	-0.006442	-0.008813	-0.013997	-0.013327	-0.012500	-0.011670	-0.010722	-0.012775	-0.009969	-0.013107	-0.010585	-0.012629	-0.002563	-0.011616	
-0.010901	-0.012454	1.002754	-0.011069	-0.010852	-0.012360	-0.011560	-0.013459	-0.010914	-0.013393	-0.013239	-0.004469	-0.012019	-0.008188	-0.012359	-0.009114	-0.012601	-0.009547	-0.012790	-0.008867	-0.014446	-0.011081	-0.011783	-0.010669	-0.012914	-0.013035	-0.014199	-0.011129	-0.014330	-0.011625	-0.010653	-0.010416	0.001077	-0.012499	-0.009479	-0.014519	-0.010685	-0.012190	-0.013870	-0.014765	-0.009551	-0.011220	-0.010158	-0.009154	-0.007487	-0.013671	-0.010504	-0.013450	-0.012796	-0.011135	-0.012797	0.007761	-0.012144	-0.009948	-0.012863	-0.013394	-0.010103	-0.010562	-0.014721	-0.011761	-0.010779	-0.010015	-0.012828	-0.010693	-0.012199	-0.010301	-0.013417	-0.013364	-0.009851	-0.010011	-0.009008	-0.014631	-0.012050	-0.009586	-0.009598	-0.013614	-0.011151	-0.010293	-0.015667	-0.010763	-0.011306	-0.009246	-0.013466	-0.012027	-0.011801	-0.012734	-0.013046	-0.008403	-0.013736	-0.011142	-0.011630	-0.009596	-0.012674	-0.011760	-0.015088	-0.011543	-0.009807	-0.010744	-0.009872	-0.012969	-0.011558	
-0.012754	-0.009453	-0.011069	1.002426	-0.010893	-0.011662	-0.010589	-0.009873	-0.011757	-0.012314	-0.009897	-0.011374	-0.009990	-0.011692	-0.011388	-0.012762	-0.010405	-0.013726	-0.009533	-0.008216	-0.012558	-0.007803	-0.010770	-0.007920	-0.011610	-0.012406	-0.008766	-0.013569	-0.010711	-0.011487	-0.010956	-0.010787	-0.011712	-0.011077	-0.014224	-0.011092	-0.010494	-0.009625	-0.012261	-0.011435	-0.011398	-0.012088	-0.012459	-0.008448	-0.009747	-0.013478	-0.013607	-0.012358	-0.008145	-0.012827	-0.011760	-0.013958	-0.010722	-0.011267	-0.013236	-0.011625	-0.014230	-0.014000	-0.012280	-0.010297	-0.008070	-0.011827	-0.012664	-0.009639	-0.008920	-0.010835	-0.012593	-0.012915	-0.012024	-0.014308	-0.013177	-0.010960	-0.007895	-0.012354	-0.012267	-0.011752	-0.014233	-0.013474	-0.014387	-0.013792	-0.009280	-0.008098	-0.011538	-0.014872	-0.010095	-0.011337	-0.011831	-0.013052	-0.010117	-0.012217	-0.008467	-0.011146	-0.011211	-0.010761	-0.010353	-0.009648	-0.013576	-0.006889	-0.009544	-0.010658	-0.009936	
-0.011825	-0.011878	-0.010852	-0.010893	1.013806	-0.011874	-0.008479	-0.011019	-0.014622	-0.009820	-0.013836	-0.010927	-0.009797	-0.013816	-0.012452	0.000683	-0.013093	-0.013212	-0.012254	-0.014246	-0.011078	-0.013873	-0.014182	-0.013638	-0.012354	-0.012847	-0.010931	-0.012872	-0.011683	-0.011786	-0.014829	-0.012304	-0.012246	-0.012706	-0.011936	-0.008058	-0.013760	-0.011965	-0.013465	-0.010388	-0.012564	-0.003292	-0.011162	-0.010400	-0.011169	-0.014578	-0.012370	-0.012354	-0.013547	-0.011314	-0.013760	-0.009868	-0.014346	-0.010539	-0.012457	-0.004688	-0.009219	-0.012730	-0.010946	-0.009026	-0.011039	-0.009851	-0.013206	-0.009343	-0.009879	-0.017679	-0.006707	-0.011334	-0.013360	-0.013164	-0.011662	-0.013253	-0.011173	-0.012137	-0.010914	-0.012814	-0.010975	-0.009549	-0.009702	-0.012168	-0.012031	-0.010035	-0.010077	-0.011428	-0.008547	-0.011858	-0.011918	-0.012547	-0.013919	-0.007595	-0.011522	-0.011727	-0.011722	-0.009959	-0.011652	-0.011162	-0.008976	-0.011658	-0.015295	-0.008737	-0.011121	
-0.010860	-0.012258	-0.012360	-0.011662	-0.011874	0.999929	-0.012322	-0.012895	-0.011267	-0.011034	-0.014880	-0.008998	-0.007511	-0.012994	-0.008939	-0.014035	-0.013091	-0.013461	-0.009753	-0.012149	-0.013145	-0.012882	-0.012383	-0.010928	-0.010361	-0.009291	-0.009450	-0.014556	-0.013151	-0.011448	-0.008786	-0.011139	-0.009268	-0.009961	-0.012710	-0.012309	-0.014365	-0.008534	-0.012219	-0.010147	-0.008921	-0.012958	-0.012331	-0.009501	-0.009391	-0.012038	-0.012288	-0.013113	-0.012437	-0.013451	-0.010713	-0.013107	-0.012362	-0.012312	-0.009733	-0.008259	-0.010304	-0.011543	-0.012293	-0.009285	-0.009934	-0.013748	-0.011233	-0.012239	-0.011345	-0.013112	-0.012197	-0.013915	-0.011134	-0.009218	-0.012091	-0.007755	-0.009117	-0.011722	-0.011775	-0.008245	-0.011403	-0.011616	-0.010092	-0.007072	-0.010215	-0.010005	-0.012481	-0.009911	-0.007940	-0.011092	-0.012578	-0.010819	-0.011518	-0.012873	-0.011658	-0.012683	-0.008617	-0.010702	-0.009697	-0.008150	-0.012849	-0.009693	-0.012065	-0.010386	-0.015555	
-0.009196	-0.010765	-0.011560	-0.010589	-0.008479	-0.012322	0.988927	-0.013728	-0.011189	-0.013114	-0.012104	-0.010676	-0.007869	-0.010354	-0.013147	-0.011136	-0.010517	-0.012065	-0.012168	-0.011737	-0.009702	-0.011881	-0.010465	-0.011562	-0.010107	-0.011193	-0.010312	-0.008787	-0.014775	-0.010631	-0.009984	-0.009396	-0.010885	-0.011918	-0.011106	-0.009926	-0.009888	-0.010169	-0.008193	-0.007909	-0.011674	-0.013005	-0.008542	-0.012694	-0.011447	-0.013792	-0.012747	-0.009961	-0.011599	-0.012228	-0.012990	-0.011978	-0.010684	-0.008751	-0.014263	-0.010235	-0.010835	-0.011017	-0.009089	-0.010736	-0.010509	-0.012549	-0.014000	-0.007630	-0.009574	-0.012500	-0.010939	-0.012463	-0.012974	-0.010520	-0.014172	-0.010531	-0.007550	-0.013683	-0.008951	-0.013542	-0.011187	-0.011128	-0.010665	-0.010983	-0.013009	-0.011085	-0.011049	-0.010855	-0.015210	-0.010219	-0.013112	-0.011709	-0.011913	-0.013119	-0.008789	-0.010622	-0.009358	-0.014587	-0.008392	-0.008974	-0.010895	-0.011840	-0.011792	-0.008855	-0.009209	
-0.012795	-0.009992	-0.013459	-0.009873	-0.011019	-0.012895	-0.013728	0.981268	-0.013260	-0.011020	-0.007123	-0.013131	-0.007326	-0.012856	-0.009728	-0.011519	-0.008734	-0.013327	-0.012544	-0.011832	-0.011533	-0.010116	-0.009703	-0.007860	-0.010189	-0.012606	-0.009820	-0.009854	-0.013101	-0.013028	-0.012388	-0.010767	-0.009506	-0.011515	-0.011076	-0.010136	-0.012593	-0.011557	-0.008737	-0.012100	-0.012745	-0.010152	-0.013442	-0.012119	-0.011312	-0.010615	-0.011076	-0.011483	-0.014798	-0.012906	-0.011721	-0.011730	-0.009488	-0.006592	-0.013877	-0.011842	-0.011679	-0.010446	-0.008587	-0.011434	-0.011923	-0.011747	-0.009548	-0.010040	-0.009503	-0.009017	-0.011909	-0.008967	-0.013851	-0.009656	-0.010956	-0.010680	-0.010688	-0.010158	-0.009800	-0.011759	-0.013243	-0.012171	-0.014326	-0.012502	-0.012248	-0.012012	-0.009600	-0.010094	-0.010549	-0.009729	-0.009584	-0.011930	-0.010676	-0.010868	-0.010125	-0.009075	-0.010123	-0.012769	-0.011676	-0.009205	-0.011353	-0.005765	-0.010077	-0.010471	-0.009284	
-0.010982	-0.013771	-0.010914	-0.011757	-0.014622	-0.011267	-0.011189	-0.013260	0.998109	-0.013493	-0.005612	-0.012878	-0.010514	-0.010626	-0.011553	-0.012996	-0.009056	-0.011101	-0.012170	-0.012403	-0.011338	-0.006067	-0.010158	-0.011838	-0.008606	-0.009953	-0.010972	-0.010965	-0.013020	-0.012684	-0.005305	-0.009009	-0.014506	-0.011667	-0.011881	-0.011628	-0.012259	-0.012171	-0.010331	-0.009942	-0.012222	-0.014235	-0.011575	-0.012003	-0.010881	-0.011012	-0.012621	-0.009744	-0.010474	-0.010090	-0.009968	-0.010553	-0.010783	-0.010065	-0.010284	-0.009734	-0.004788	-0.009079	-0.013734	-0.009727	-0.012669	-0.009403	-0.003355	-0.011352	-0.014913	-0.012383	-0.010489	-0.014151	-0.008787	-0.011753	-0.014427	-0.012489	-0.010839	-0.013725	-0.012727	-0.009446	-0.012227	-0.009922	-0.014497	-0.012609	-0.010329	-0.014361	-0.008044	-0.010096	-0.011424	-0.009055	-0.010952	-0.010310	-0.012721	-0.011741	-0.012910	-0.009339	-0.011889	-0.011684	-0.011806	-0.011930	-0.013340	-0.009496	-0.011077	-0.014152	-0.011635	
-0.010951	-0.012243	-0.013393	-0.012314	-0.009820	-0.011034	-0.013114	-0.011020	-0.013493	1.005908	-0.014891	-0.009823	-0.011272	-0.013750	-0.013673	-0.011274	-0.011596	-0.011444	-0.013746	-0.010846	-0.011450	-0.010833	-0.010231	-0.014201	-0.010193	-0.011353	-0.010866	-0.009680	-0.012201	-0.006585	-0.010924	-0.012002	-0.011649	-0.012125	-0.011106	-0.014522	-0.010080	-0.012484	-0.013258	-0.010583	-0.012160	-0.012549	-0.014890	-0.011851	-0.011435	-0.011396	-0.012595	-0.011902	-0.012644	-0.012316	-0.008876	-0.011075	-0.011257	-0.011323	-0.010741	-0.013134	-0.007475	-0.008999	-0.011502	-0.013757	-0.009577	-0.012335	-0.010585	-0.008919	-0.011900	-0.011976	-0.011334	-0.010164	-0.012278	-0.009951	-0.012046	-0.010430	-0.009421	-0.010170	-0.010898	-0.011046	-0.011265	-0.010331	-0.010289	-0.011253	-0.011509	-0.009383	-0.012752	-0.011517	-0.011372	-0.012128	-0.007520	-0.011369	-0.010658	-0.012183	-0.009057	-0.011497	-0.010964	-0.012476	-0.011374	-0.012398	-0.012718	-0.010868	-0.012303	-0.009492	-0.009988	
-0.012295	-0.013174	-0.013239	-0.009897	-0.013836	-0.014880	-0.012104	-0.007123	-0.005612	-0.014891	1.005275	-0.013233	-0.015132	-0.008428	-0.010743	-0.013222	-0.013639	-0.012914	-0.011045	-0.012505	-0.014005	-0.011796	-0.011090	-0.011419	-0.011741	-0.009988	-0.010127	-0.012882	0.001127	-0.012364	-0.007774	-0.013771	-0.013686	-0.010678	-0.011288	-0.010069	-0.012488	-0.012436	-0.011548	-0.008584	-0.011796	-0.013038	-0.011719	-0.015108	-0.012334	-0.009576	-0.012807	-0.014913	-0.008988	-0.012257	-0.016860	-0.013350	-0.008214	-0.008209	-0.012583	-0.011836	-0.003579	-0.010268	-0.010306	-0.014557	-0.011204	-0.014750	-0.004403	-0.012600	-0.011591	-0.008765	-0.010398	-0.009939	-0.012122	-0.009480	-0.010841	-0.011788	-0.013113	-0.010310	-0.010886	-0.011237	-0.011325	-0.012424	-0.011117	-0.013664	-0.007171	-0.012824	-0.013466	-0.010199	-0.010282	-0.011190	-0.010362	-0.010878	-0.009593	-0.009793	-0.015399	-0.010109	-0.012552	-0.012097	-0.011705	-0.012622	-0.012666	-0.008028	-0.007698	-0.010664	-0.011421	
-0.012269	-0.014095	-0.004469	-0.011374	-0.010927	-0.008998	-0.010676	-0.013131	-0.012878	-0.009823	-0.013233	1.007731	-0.012023	-0.007423	-0.011132	-0.010374	-0.010722	-0.011432	-0.013833	-0.009061	-0.008901	-0.011442	-0.011292	-0.013393	-0.013503	-0.011586	-0.010944	-0.010843	-0.013566	-0.005522	-0.010182	-0.010065	-0.000584	-0.013653	-0.013602	-0.009989	-0.010617	-0.011137	-0.010687	-0.015108	-0.013538	-0.012595	-0.010643	-0.012917	-0.010773	-0.014055	-0.010950	-0.012292	-0.012248	-0.008896	-0.011876	0.007246	-0.011198	-0.013604	-0.011981	-0.013172	-0.013052	-0.010469	-0.012697	-0.011973	-0.008531	-0.014848	-0.012233	-0.012288	-0.010721	-0.009759	-0.013737	-0.012348	-0.012771	-0.012490	-0.013700	-0.010508	-0.008198	-0.009345	-0.010679	-0.013011	-0.012054	-0.013113	-0.013697	-0.015965	-0.012655	-0.009859	-0.010341	-0.009980	-0.011779	-0.009208	-0.011870	-0.011751	-0.016779	-0.012239	-0.014337	-0.010737	-0.011909	-0.010483	-0.011198	-0.013470	-0.011217	-0.012210	-0.010157	-0.015051	-0.010967	
-0.010735	-0.010636	-0.012019	-0.009990	-0.009797	-0.007511	-0.007869	-0.007326	-0.010514	-0.011272	-0.015132	-0.012023	0.981610	-0.009482	-0.010921	-0.008676	-0.009077	-0.011138	-0.013035	-0.010222	-0.011579	-0.009462	-0.010913	-0.009507	-0.011052	-0.008332	-0.011044	-0.010736	-0.011817	-0.011213	-0.009632	-0.008274	-0.008925	-0.010102	-0.012655	-0.011016	-0.010947	-0.011300	-0.013346	-0.010468	-0.013921	-0.013257	-0.012055	-0.011336	-0.012532	-0.011687	-0.009653	-0.009960	-0.012003	-0.012361	-0.011006	-0.012056	-0.011859	-0.008599	-0.014209	-0.014416	-0.012914	-0.010262	-0.012040	-0.010329	-0.012210	-0.012634	-0.011664	-0.013148	-0.011970	-0.009848	-0.011833	-0.011477	-0.013596	-0.009783	-0.010575	-0.011330	-0.009983	-0.011966	-0.009963	-0.010786	-0.011332	-0.011582	-0.013493	-0.011166	-0.012656	-0.011190	-0.010566	-0.009220	-0.010202	-0.007493	-0.011091	-0.012508	-0.009924	-0.012937	-0.012347	-0.010675	-0.010331	-0.011177	-0.008666	-0.006138	-0.009209	-0.010200	-0.012266	-0.010823	-0.011801	
-0.011870	-0.009332	-0.008188	-0.011692	-0.013816	-0.012994	-0.010354	-0.012856	-0.010626	-0.013750	-0.008428	-0.007423	-0.009482	0.954632	-0.011780	-0.009144	-0.013267	-0.011575	-0.009136	-0.011517	-0.008837	-0.012914	-0.005639	-0.010505	-0.009634	-0.010596	-0.010763	-0.009330	-0.009051	-0.011287	-0.011344	-0.010922	-0.010521	-0.010806	-0.009544	-0.008902	-0.008208	-0.012985	-0.011634	-0.009869	-0.013015	-0.010003	-0.011134	-0.013293	-0.012485	-0.012444	-0.013681	-0.008692	-0.010007	-0.012810	-0.009993	-0.011728	-0.011261	-0.012702	-0.011669	-0.006250	-0.008152	-0.008933	-0.010931	-0.011046	-0.011347	-0.009491	-0.011496	-0.013979	-0.012689	-0.013336	-0.008861	-0.006614	-0.011100	-0.007808	-0.012987	-0.013027	-0.013171	-0.011746	-0.010498	-0.011150	-0.006807	-0.016411	-0.011016	-0.009058	-0.012482	-0.013420	-0.012468	-0.003454	-0.008901	-0.006990	-0.008726	-0.010913	-0.005674	-0.009905	-0.010034	-0.011730	-0.009905	-0.013759	-0.012805	-0.010218	-0.002069	-0.009875	-0.010784	-0.010631	-0.011055	
-0.007660	-0.011888	-0.012359	-0.011388	-0.012452	-0.008939	-0.013147	-0.009728	-0.011553	-0.013673	-0.010743	-0.011132	-0.010921	-0.011780	0.990117	-0.011993	-0.012688	-0.011709	-0.009149	-0.015450	-0.011153	-0.010493	-0.009323	-0.011342	-0.011073	-0.011707	-0.014075	-0.011751	-0.006860	-0.010418	-0.008727	-0.009201	-0.009141	-0.010273	-0.009441	-0.007689	-0.009663	-0.011488	-0.010136	-0.012911	-0.015178	-0.010310	-0.009940	-0.012656	-0.012373	-0.009517	-0.011298	-0.012817	-0.012897	-0.012135	-0.006592	-0.013630	-0.009206	-0.006994	-0.013818	-0.012878	-0.007832	-0.012227	-0.008200	-0.011113	-0.013494	-0.013097	-0.013512	-0.013956	-0.008848	-0.006989	-0.011609	-0.011674	-0.012344	-0.008631	-0.008711	-0.013251	-0.012764	-0.011593	-0.009161	-0.013288	-0.009314	-0.008253	-0.014076	-0.013092	-0.012287	-0.011826	-0.013211	-0.010775	-0.011438	-0.008184	-0.011171	-0.012730	-0.010383	-0.008446	-0.011050	-0.010814	-0.007036	-0.009710	-0.012562	-0.011315	-0.013731	-0.008966	-0.011932	-0.013899	-0.010804	
-0.009699	-0.009389	-0.009114	-0.012762	0.000683	-0.014035	-0.011136	-0.011519	-0.012996	-0.011274	-0.013222	-0.010374	-0.008676	-0.009144	-0.011993	0.987711	-0.012762	-0.012985	-0.012566	-0.012189	-0.012719	-0.009739	-0.012526	-0.011222	-0.011654	-0.012891	-0.013354	-0.010146	-0.011592	-0.013198	-0.009901	-0.010649	-0.012697	-0.010489	-0.009811	-0.010572	-0.009522	-0.012606	-0.013143	-0.011470	-0.014114	-0.003337	-0.014074	-0.007861	-0.010268	-0.011924	-0.014201	-0.013367	-0.010692	-0.009820	-0.011378	-0.013211	-0.010887	-0.010752	-0.008974	-0.006618	-0.011064	-0.010161	-0.011452	-0.011063	-0.013293	-0.010257	-0.013278	-0.011256	-0.008114	-0.013008	-0.012091	-0.011859	-0.010909	-0.010847	-0.012655	-0.008646	-0.011607	-0.008771	-0.012968	-0.009859	-0.009678	-0.012181	-0.009811	-0.010356	-0.013486	-0.007585	-0.011570	-0.009132	-0.012940	-0.008770	-0.010421	-0.013942	-0.009923	-0.013662	-0.009745	-0.008561	-0.010902	-0.010372	-0.012830	-0.010047	-0.013250	-0.010767	-0.014810	-0.012778	-0.010948	
-0.012028	-0.013364	-0.012601	-0.010405	-0.013093	-0.013091	-0.010517	-0.008734	-0.009056	-0.011596	-0.013639	-0.010722	-0.009077	-0.013267	-0.012688	-0.012762	1.004492	-0.010504	-0.010151	-0.014160	-0.013681	-0.009333	-0.012554	-0.009896	-0.013998	-0.009219	-0.010614	-0.010083	-0.009205	-0.012350	-0.014663	-0.012326	-0.014051	-0.012661	-0.010957	-0.015138	-0.010904	-0.012229	-0.009541	-0.011401	-0.009900	-0.012794	-0.011130	-0.010085	-0.011846	-0.010985	-0.012302	-0.011825	-0.015012	-0.011765	-0.010982	-0.010325	-0.009623	-0.012436	-0.009933	-0.012076	-0.011033	-0.011527	-0.013375	-0.011084	-0.011432	-0.012180	-0.012265	-0.011118	-0.011782	-0.014059	-0.009497	-0.010998	-0.010798	-0.012300	-0.010613	-0.012448	-0.006870	-0.013649	-0.015629	-0.012350	-0.012408	-0.009756	-0.013734	-0.011425	-0.007922	-0.009120	-0.010768	-0.010828	-0.012635	-0.010002	-0.009273	-0.010860	-0.011039	-0.008853	-0.011389	-0.010043	-0.011776	-0.010814	-0.011315	-0.008989	-0.009029	-0.007499	-0.007397	-0.014153	-0.010404	
-0.010401	-0.010852	-0.009547	-0.013726	-0.013212	-0.013461	-0.012065	-0.013327	-0.011101	-0.011444	-0.012914	-0.011432	-0.011138	-0.011575	-0.011709	-0.012985	-0.010504	1.012590	-0.009331	-0.010646	-0.011938	-0.010925	-0.015320	-0.012415	-0.011224	-0.012618	-0.009195	-0.008907	-0.009133	-0.007964	-0.014268	-0.010018	-0.012601	-0.011316	-0.008259	-0.013319	-0.013559	-0.011732	-0.011748	-0.010625	-0.011589	-0.011120	-0.009211	-0.010793	-0.013279	-0.008755	-0.013630	-0.010178	-0.012296	-0.010869	-0.013071	-0.011963	-0.015847	-0.013297	-0.007087	-0.012416	-0.010735	-0.008644	-0.012526	-0.011092	-0.008377	-0.010462	-0.010293	-0.011819	-0.010710	-0.012609	-0.011554	-0.011674	-0.009431	-0.012422	-0.014047	-0.011212	-0.011578	-0.010059	-0.012434	-0.012163	-0.012950	-0.012507	-0.009613	-0.010486	-0.010922	-0.010772	-0.012873	-0.010088	-0.012829	-0.010867	-0.010759	-0.009744	-0.013374	-0.010007	-0.011109	-0.011347	-0.015048	-0.009935	-0.012531	-0.009452	-0.010506	-0.012762	-0.012098	-0.011452	-0.012211	
-0.009153	-0.011042	-0.012790	-0.009533	-0.012254	-0.009753	-0.012168	-0.012544	-0.012170	-0.013746	-0.011045	-0.013833	-0.013035	-0.009136	-0.009149	-0.012566	-0.010151	-0.009331	1.008895	-0.014813	-0.011800	-0.012175	-0.015084	-0.010202	-0.009522	-0.011137	-0.010597	-0.012259	-0.009362	-0.010984	-0.010586	-0.011101	-0.013325	-0.009664	-0.012932	-0.008221	-0.013174	-0.010850	-0.012541	-0.011070	-0.009774	-0.012194	-0.010831	-0.012749	-0.012941	-0.011191	-0.012334	-0.009705	-0.011468	-0.011301	-0.011911	-0.012303	-0.013401	-0.012607	-0.007630	-0.010272	-0.012502	-0.011150	-0.011202	-0.012411	-0.009516	-0.009706	-0.011396	-0.009578	-0.012541	-0.011663	-0.010873	-0.011561	-0.013152	-0.011166	-0.008486	-0.013675	-0.013838	-0.011399	-0.013003	-0.011101	-0.011683	-0.010027	-0.009037	-0.011124	-0.014613	-0.008835	-0.012293	-0.011430	-0.010561	-0.014175	-0.010306	-0.012813	-0.012193	-0.009095	-0.011332	-0.010988	-0.013392	-0.011797	-0.009773	-0.010305	-0.012660	-0.012176	-0.012679	-0.009952	-0.009183	
-0.013259	-0.010805	-0.008867	-0.008216	-0.014246	-0.012149	-0.011737	-0.011832	-0.012403	-0.010846	-0.012505	-0.009061	-0.010222	-0.011517	-0.015450	-0.012189	-0.014160	-0.010646	-0.014813	1.020230	-0.010775	-0.011530	-0.011584	-0.010680	-0.012514	-0.011186	-0.013275	-0.010253	-0.012118	-0.009081	-0.012239	-0.011491	-0.013158	-0.011966	-0.009936	-0.011328	-0.011191	-0.013094	-0.009820	-0.011675	-0.010421	-0.011666	-0.011406	-0.013057	-0.012563	-0.009990	-0.013843	-0.011998	-0.010689	-0.010623	-0.013650	-0.010853	-0.012571	-0.012114	-0.010598	-0.013194	-0.010151	-0.010111	-0.011746	-0.012247	-0.011649	-0.011445	-0.011287	-0.007409	-0.014078	-0.009289	-0.009543	-0.012102	-0.012372	-0.011743	-0.013015	-0.011644	-0.010795	-0.015742	-0.010213	-0.010865	-0.014417	-0.009810	-0.012065	-0.011850	-0.012308	-0.011980	-0.011517	-0.009910	-0.012054	-0.008950	-0.008389	-0.009458	-0.012257	-0.007906	-0.013083	-0.010887	-0.011582	-0.010264	-0.010980	-0.011464	-0.012344	-0.013053	-0.011938	-0.010605	-0.012866	
-0.009646	-0.010294	-0.014446	-0.012558	-0.011078	-0.013145	-0.009702	-0.011533	-0.011338	-0.011450	-0.014005	-0.008901	-0.011579	-0.008837	-0.011153	-0.012719	-0.013681	-0.011938	-0.011800	-0.010775	1.014644	-0.012314	-0.011298	-0.011054	-0.010995	-0.010761	-0.012167	-0.012964	-0.015145	-0.012411	-0.010240	-0.011774	-0.011636	-0.009274	-0.009571	-0.012175	-0.011016	-0.008375	-0.009644	-0.008659	-0.010608	-0.010907	-0.009989	-0.010608	-0.012552	-0.012825	-0.012082	-0.008538	-0.010880	-0.011734	-0.011286	-0.010533	-0.008778	-0.013377	-0.013538	-0.011382	-0.012213	-0.012639	-0.009864	-0.012730	-0.012959	-0.010500	-0.012715	-0.011690	-0.012868	-0.012980	-0.014646	-0.012597	-0.012095	-0.011341	-0.014069	-0.012858	-0.010261	-0.007963	-0.011266	-0.012250	-0.011349	-0.014014	-0.012582	-0.011543	-0.011547	-0.010909	-0.008708	-0.009571	-0.012610	-0.010873	-0.010146	-0.012843	-0.012380	-0.013310	-0.008960	-0.014253	-0.010048	-0.011836	-0.009968	-0.011027	-0.012213	-0.012598	-0.011992	-0.008201	-0.011256	
-0.010201	-0.011198	-0.011081	-0.007803	-0.013873	-0.012882	-0.011881	-0.010116	-0.006067	-0.010833	-0.011796	-0.011442	-0.009462	-0.012914	-0.010493	-0.009739	-0.009333	-0.010925	-0.012175	-0.011530	-0.012314	0.998909	-0.014036	-0.009788	-0.011874	-0.011869	-0.011168	-0.009026	-0.010612	-0.013459	-0.011881	-0.009733	-0.013573	-0.014144	-0.013363	-0.012801	-0.010741	-0.011698	-0.012006	-0.009507	-0.009904	-0.008415	-0.016721	-0.011710	-0.014435	-0.009204	-0.010538	-0.009818	-0.010400	-0.012055	-0.011067	-0.012242	-0.014219	-0.013241	-0.011035	-0.011315	-0.008261	-0.012600	-0.012103	-0.012750	-0.008153	-0.009277	-0.012927	-0.010868	-0.012571	-0.012440	-0.009095	-0.011220	-0.008230	-0.010115	-0.010260	-0.010182	-0.012665	-0.008566	-0.007977	-0.008407	-0.009950	-0.010390	-0.013814	-0.013855	-0.009159	-0.009987	-0.012786	-0.013660	-0.008956	-0.008043	-0.011548	-0.013386	-0.013797	-0.012943	-0.009005	-0.010993	-0.010780	-0.012404	-0.009989	-0.011985	-0.012729	-0.014057	-0.014176	-0.012668	-0.009712	
-0.012586	-0.013491	-0.011783	-0.010770	-0.014182	-0.012383	-0.010465	-0.009703	-0.010158	-0.010231	-0.011090	-0.011292	-0.010913	-0.005639	-0.009323	-0.012526	-0.012554	-0.015320	-0.015084	-0.011584	-0.011298	-0.014036	1.008628	-0.013429	-0.013539	-0.011164	-0.013755	-0.010320	-0.011491	-0.012520	-0.012284	-0.010046	-0.011790	-0.008370	-0.008735	-0.010600	-0.012692	-0.012840	-0.013371	-0.012682	-0.010236	-0.013727	-0.009728	-0.009517	-0.011904	-0.009404	-0.010879	-0.013692	-0.013769	-0.013460	-0.009352	-0.012758	-0.007133	-0.008310	-0.012618	-0.007770	-0.012678	-0.011161	-0.010358	-0.014408	-0.014059	-0.010507	-0.012513	-0.012561	-0.014406	-0.009365	-0.011470	-0.008757	-0.013858	-0.007543	-0.008674	-0.012481	-0.011956	-0.013327	-0.011826	-0.011175	-0.011884	-0.011957	-0.011679	-0.011024	-0.012072	-0.013083	-0.009592	-0.009288	-0.014078	-0.007102	-0.008615	-0.010429	-0.011943	-0.012632	-0.009397	-0.007418	-0.015941	-0.010526	-0.011119	-0.011296	-0.009358	-0.008563	-0.009847	-0.013169	-0.008876	
-0.011790	-0.009814	-0.010669	-0.007920	-0.013638	-0.010928	-0.011562	-0.007860	-0.011838	-0.014201	-0.011419	-0.013393	-0.009507	-0.010505	-0.011342	-0.011222	-0.009896	-0.012415	-0.010202	-0.010680	-0.011054	-0.009788	-0.013429	1.009077	-0.011848	-0.011250	-0.010778	-0.013036	-0.014340	-0.012605	-0.012265	-0.009292	-0.012236	-0.011367	-0.012525	-0.009461	-0.014200	-0.011619	-0.012237	-0.013009	-0.012990	-0.011889	-0.012311	-0.012524	-0.012407	-0.013673	-0.010760	-0.012441	-0.012766	-0.008473	-0.013742	-0.014574	-0.012717	-0.010763	-0.012287	-0.011188	-0.007541	-0.011721	-0.010263	-0.012495	-0.011662	-0.012116	-0.011126	-0.010619	-0.011196	-0.010705	-0.011805	-0.011958	-0.010912	-0.014578	-0.011715	-0.010477	-0.011696	-0.008727	-0.012811	-0.009264	-0.012332	-0.011121	-0.015593	-0.013896	-0.007932	-0.010077	-0.008396	-0.007547	-0.010046	-0.011351	-0.012165	-0.010933	-0.010364	-0.009113	-0.011217	-0.010151	-0.012052	-0.010495	-0.009387	-0.011991	-0.013924	-0.010445	-0.011664	-0.007445	-0.010318	
-0.010223	-0.013005	-0.012914	-0.011610	-0.012354	-0.010361	-0.010107	-0.010189	-0.008606	-0.010193	-0.011741	-0.013503	-0.011052	-0.009634	-0.011073	-0.011654	-0.013998	-0.011224	-0.009522	-0.012514	-0.010995	-0.011874	-0.013539	-0.011848	0.983068	-0.010794	-0.012327	-0.012921	-0.013560	-0.012849	-0.005614	-0.011761	-0.012897	-0.013133	-0.008923	-0.010813	-0.008894	-0.010192	-0.010962	-0.009534	-0.011979	-0.014378	-0.011986	-0.010366	-0.006521	-0.007637	-0.010875	-0.009385	-0.012372	-0.012414	-0.011593	-0.007633	-0.012210	-0.007225	-0.010873	-0.009081	-0.009506	-0.010058	-0.007789	-0.011957	-0.008747	-0.010755	-0.007749	-0.010826	-0.013233	-0.008919	-0.011636	-0.010529	-0.013660	-0.008522	-0.009275	-0.011533	-0.010590	-0.010133	-0.011901	-0.009850	-0.010176	-0.009181	-0.010644	-0.011568	-0.012024	-0.013271	-0.011620	-0.013662	-0.007616	-0.012956	-0.014589	-0.012630	-0.012388	-0.011492	-0.012180	-0.009039	-0.011083	-0.011015	-0.013066	-0.011686	-0.012078	-0.013141	-0.012484	-0.011034	-0.010326	
-0.012073	-0.011575	-0.013035	-0.012406	-0.012847	-0.009291	-0.011193	-0.012606	-0.009953	-0.011353	-0.009988	-0.011586	-0.008332	-0.010596	-0.011707	-0.012891	-0.009219	-0.012618	-0.011137	-0.011186	-0.010761	-0.011869	-0.011164	-0.011250	-0.010794	0.995518	-0.010814	-0.010661	-0.012036	-0.009195	-0.008445	-0.010548	-0.012189	-0.013033	-0.011833	-0.008040	-0.009865	-0.012926	-0.011207	-0.012913	-0.013556	-0.010364	-0.010422	-0.010260	-0.010229	-0.013233	-0.011425	-0.011601	-0.010704	-0.009260	-0.010450	-0.013828	-0.007115	-0.011304	-0.012638	-0.011697	-0.010606	-0.012832	-0.012262	-0.011748	-0.014414	-0.010310	-0.011076	-0.014312	-0.010224	-0.011820	-0.013435	-0.010764	-0.013218	-0.009822	-0.011220	-0.011255	-0.012959	-0.010425	-0.014959	-0.009622	-0.010030	-0.010849	-0.011476	-0.011586	-0.011478	-0.007967	-0.010253	-0.011359	-0.013103	-0.006481	-0.009269	-0.012214	-0.010296	-0.010277	-0.008233	-0.009470	-0.012696	-0.010146	-0.013120	-0.009625	-0.012078	-0.008715	-0.013536	-0.011777	-0.010471	
-0.009810	-0.010029	-0.014199	-0.008766	-0.010931	-0.009450	-0.010312	-0.009820	-0.010972	-0.010866	-0.010127	-0.010944	-0.011044	-0.010763	-0.014075	-0.013354	-0.010614	-0.009195	-0.010597	-0.013275	-0.012167	-0.011168	-0.013755	-0.010778	-0.012327	-0.010814	1.000931	-0.009072	-0.011425	-0.011628	-0.011987	-0.009606	-0.013449	-0.014927	-0.012452	-0.009109	-0.010840	-0.010232	-0.011384	-0.012262	-0.012429	-0.008929	-0.010685	-0.011458	-0.008498	-0.014424	-0.012290	-0.009941	-0.011249	-0.014817	-0.010269	-0.010121	-0.011291	-0.014481	-0.011083	-0.012941	-0.011022	-0.012130	-0.011127	-0.011589	-0.013583	-0.010872	-0.011222	-0.010790	-0.007692	-0.009080	-0.012177	-0.012707	-0.012556	-0.012444	-0.014915	-0.012882	-0.015147	-0.007263	-0.012157	-0.011924	-0.009511	-0.011771	-0.011403	-0.012451	-0.010287	-0.012306	-0.010430	-0.010997	-0.008960	-0.014608	-0.012221	-0.011617	-0.013225	-0.011718	-0.009544	-0.011096	-0.012201	-0.012431	-0.007446	-0.008470	-0.011442	-0.012490	-0.010537	-0.007961	-0.011120	
-0.007819	-0.010859	-0.011129	-0.013569	-0.012872	-0.014556	-0.008787	-0.009854	-0.010965	-0.009680	-0.012882	-0.010843	-0.010736	-0.009330	-0.011751	-0.010146	-0.010083	-0.008907	-0.012259	-0.010253	-0.012964	-0.009026	-0.010320	-0.013036	-0.012921	-0.010661	-0.009072	0.980941	-0.011401	-0.008914	-0.011585	-0.012026	-0.012458	-0.011361	-0.011703	-0.011859	-0.007556	-0.011743	-0.010145	-0.008979	-0.011590	-0.011932	-0.012202	-0.011006	-0.011559	-0.008718	-0.010971	-0.011846	-0.013072	-0.011054	-0.011640	-0.010994	-0.010077	-0.009010	-0.013651	-0.010990	-0.010477	-0.012202	-0.013327	-0.012366	-0.012481	-0.008049	-0.010862	-0.011116	-0.012323	-0.009236	-0.011353	-0.009157	-0.012593	-0.012117	-0.010319	-0.013232	-0.013064	-0.012784	-0.009504	-0.010097	-0.011394	-0.008627	-0.011205	-0.011231	-0.011508	-0.009067	-0.012034	-0.012979	-0.011038	-0.010237	-0.012937	-0.013570	-0.009364	-0.012808	-0.009716	-0.008992	-0.007307	-0.007595	-0.010105	-0.010002	-0.013662	-0.009345	-0.011406	-0.011363	-0.013265	
-0.010956	-0.011714	-0.014330	-0.010711	-0.011683	-0.013151	-0.014775	-0.013101	-0.013020	-0.012201	0.001127	-0.013566	-0.011817	-0.009051	-0.006860	-0.011592	-0.009205	-0.009133	-0.009362	-0.012118	-0.015145	-0.010612	-0.011491	-0.014340	-0.013560	-0.012036	-0.011425	-0.011401	1.016308	-0.014977	-0.012646	-0.010866	-0.001478	-0.010539	-0.011056	-0.005574	-0.011345	-0.013363	-0.014255	-0.011605	-0.012190	-0.011510	-0.006591	-0.013069	-0.009609	-0.012966	-0.010835	-0.014198	-0.013715	-0.013193	-0.006932	-0.013454	-0.013531	-0.012917	-0.009052	-0.014665	-0.012064	-0.009412	-0.009431	-0.008544	-0.009612	-0.009124	-0.012781	-0.013287	-0.004328	-0.013710	-0.010791	-0.011571	-0.011923	-0.013662	-0.009678	-0.015715	-0.014381	-0.015195	-0.012326	-0.012282	-0.013007	-0.013932	-0.006925	-0.012379	-0.012564	-0.013310	-0.014042	-0.010954	-0.012532	-0.011310	-0.010408	-0.006137	-0.007023	-0.013396	-0.014864	-0.011619	-0.012618	-0.006525	-0.011087	-0.010622	-0.009519	-0.012785	-0.014601	-0.015817	-0.010766	
-0.011702	-0.014213	-0.011625	-0.011487	-0.011786	-0.011448	-0.010631	-0.013028	-0.012684	-0.006585	-0.012364	-0.005522	-0.011213	-0.011287	-0.010418	-0.013198	-0.012350	-0.007964	-0.010984	-0.009081	-0.012411	-0.013459	-0.012520	-0.012605	-0.012849	-0.009195	-0.011628	-0.008914	-0.014977	1.022004	-0.009080	-0.012287	-0.013853	-0.011522	-0.012294	-0.010850	-0.011001	-0.014758	-0.013530	-0.010993	-0.015008	-0.011744	-0.010473	-0.011597	-0.014012	-0.011853	-0.011381	-0.009961	-0.014945	-0.010853	-0.011311	-0.010475	-0.010738	-0.012819	-0.011750	-0.016102	-0.010246	-0.008582	-0.011788	-0.010827	-0.008056	-0.013458	-0.016013	-0.014195	-0.014641	-0.008849	-0.012431	-0.010793	-0.013262	-0.007780	-0.008394	-0.012349	-0.013005	-0.009907	-0.012151	-0.009848	-0.009783	-0.012677	-0.012555	-0.010212	-0.012329	-0.011085	-0.012923	-0.010897	-0.010020	-0.010879	-0.006694	-0.012255	-0.012434	-0.010648	-0.011598	-0.012295	-0.011024	-0.010426	-0.010179	-0.012713	-0.012386	-0.013675	-0.014838	-0.010341	-0.010467	
-0.009483	-0.012274	-0.010653	-0.010956	-0.014829	-0.008786	-0.009984	-0.012388	-0.005305	-0.010924	-0.007774	-0.010182	-0.009632	-0.011344	-0.008727	-0.009901	-0.014663	-0.014268	-0.010586	-0.012239	-0.010240	-0.011881	-0.012284	-0.012265	-0.005614	-0.008445	-0.011987	-0.011585	-0.012646	-0.009080	0.972389	-0.009256	-0.010106	-0.013624	-0.013126	-0.008918	-0.008956	-0.010031	-0.010176	-0.008097	-0.014777	-0.010751	-0.009298	-0.012088	-0.012154	-0.009635	-0.012364	-0.009383	-0.011004	-0.009202	-0.013220	-0.014412	-0.013444	0.023668	-0.012895	-0.015618	-0.004771	-0.009811	-0.014246	-0.011522	-0.011098	-0.008236	-0.006681	-0.010548	-0.009482	-0.010132	-0.011864	-0.010289	-0.013234	-0.013495	-0.015661	-0.012005	-0.011543	-0.010951	-0.009796	-0.011942	-0.008254	-0.011738	-0.014508	-0.015290	-0.013627	-0.011687	-0.014154	-0.011182	-0.009805	-0.009510	-0.011777	-0.013433	-0.012430	-0.014072	-0.009185	-0.008054	-0.009924	-0.010225	-0.010633	-0.008244	-0.011992	-0.011304	-0.012458	-0.014567	-0.012014	
-0.008566	-0.009093	-0.010416	-0.010787	-0.012304	-0.011139	-0.009396	-0.010767	-0.009009	-0.012002	-0.013771	-0.010065	-0.008274	-0.010922	-0.009201	-0.010649	-0.012326	-0.010018	-0.011101	-0.011491	-0.011774	-0.009733	-0.010046	-0.009292	-0.011761	-0.010548	-0.009606	-0.012026	-0.010866	-0.012287	-0.009256	0.970609	-0.009923	-0.013425	-0.009421	-0.008336	-0.011603	-0.010660	-0.007914	-0.011372	-0.010387	-0.009542	-0.009063	-0.011656	-0.013540	-0.013475	-0.011937	-0.011115	-0.012913	-0.008920	-0.011960	-0.013299	-0.010795	-0.009843	-0.011772	-0.014181	-0.007389	-0.011968	-0.011576	-0.007964	-0.008861	-0.008561	-0.011522	-0.010944	-0.011655	-0.013033	-0.011957	-0.008838	-0.012470	-0.012873	-0.015555	-0.009328	-0.012869	-0.012554	-0.011267	-0.010842	-0.012240	-0.011855	-0.009848	-0.013819	-0.011559	-0.013075	-0.010450	-0.012147	-0.010778	-0.007954	-0.011195	-0.012241	-0.009006	-0.010220	-0.009661	-0.009295	-0.008204	-0.008492	-0.008654	-0.005958	-0.011965	-0.009322	-0.011861	-0.011574	-0.009098	
-0.012173	-0.013983	0.001077	-0.011712	-0.012246	-0.009268	-0.010885	-0.009506	-0.014506	-0.011649	-0.013686	-0.000584	-0.008925	-0.010521	-0.009141	-0.012697	-0.014051	-0.012601	-0.013325	-0.013158	-0.011636	-0.013573	-0.011790	-0.012236	-0.012897	-0.012189	-0.013449	-0.012458	-0.001478	-0.013853	-0.010106	-0.009923	0.955230	-0.007385	-0.012438	-0.002576	-0.006658	-0.012439	-0.013823	-0.010023	-0.015260	-0.012998	-0.010936	-0.012998	-0.007900	-0.011516	-0.010263	-0.008675	-0.015923	-0.011750	-0.000327	0.009169	-0.012664	-0.009777	-0.010954	-0.012287	-0.008939	-0.011712	-0.013795	-0.006631	-0.011771	-0.013548	-0.010564	-0.011261	-0.008117	-0.011270	-0.011848	-0.012862	-0.012341	-0.011223	-0.013940	-0.013145	-0.010572	-0.010776	-0.013158	-0.010349	-0.007147	-0.014644	-0.012186	-0.009981	-0.010983	-0.013754	-0.009232	-0.010938	-0.012951	-0.006858	-0.012657	-0.009244	-0.005467	-0.012803	-0.009664	-0.007472	-0.010296	-0.014321	-0.012385	-0.008466	-0.006119	-0.007509	-0.009211	-0.012487	-0.012737	
-0.010588	-0.009974	-0.012499	-0.011077	-0.012706	-0.009961	-0.011918	-0.011515	-0.011667	-0.012125	-0.010678	-0.013653	-0.010102	-0.010806	-0.010273	-0.010489	-0.012661	-0.011316	-0.009664	-0.011966	-0.009274	-0.014144	-0.008370	-0.011367	-0.013133	-0.013033	-0.014927	-0.011361	-0.010539	-0.011522	-0.013624	-0.013425	-0.007385	1.012248	-0.009875	-0.008866	-0.007727	-0.011956	-0.012421	-0.012154	-0.013622	-0.012805	-0.009405	-0.011322	-0.011535	-0.009427	-0.012079	-0.010638	-0.013284	-0.011473	-0.006503	-0.011983	-0.012851	-0.014524	-0.011109	-0.012526	-0.010091	-0.010820	-0.013204	-0.012287	-0.014698	-0.009840	-0.011691	-0.011438	-0.010242	-0.009800	-0.010122	-0.012450	-0.008730	-0.015747	-0.012416	-0.010567	-0.011727	-0.011974	-0.010745	-0.014960	-0.008734	-0.010721	-0.010377	-0.007656	-0.011883	-0.011473	-0.011654	-0.012650	-0.015318	-0.009062	-0.010973	-0.011351	-0.010585	-0.009773	-0.010712	-0.013554	-0.011356	-0.009320	-0.013747	-0.010158	-0.011086	-0.010519	-0.011604	-0.014477	-0.011635	
-0.012277	-0.010881	-0.009479	-0.014224	-0.011936	-0.012710	-0.011106	-0.011076	-0.011881	-0.011106	-0.011288	-0.013602	-0.012655	-0.009544	-0.009441	-0.009811	-0.010957	-0.008259	-0.012932	-0.009936	-0.009571	-0.013363	-0.008735	-0.012525	-0.008923	-0.011833	-0.012452	-0.011703	-0.011056	-0.012294	-0.013126	-0.009421	-0.012438	-0.009875	1.003986	-0.010808	-0.011879	-0.010271	-0.013943	-0.011766	-0.009350	-0.012815	-0.012461	-0.011537	-0.010129	-0.012095	-0.011713	-0.009625	-0.011895	0.001120	-0.011423	-0.011050	-0.008393	-0.011686	-0.011701	-0.009719	-0.009300	-0.012570	-0.010885	-0.013192	-0.009039	-0.012763	-0.014263	-0.013365	-0.013192	-0.011234	-0.012514	-0.011674	-0.010883	-0.010992	-0.014376	-0.013585	-0.010202	-0.010714	-0.013561	-0.010479	-0.012153	-0.009862	-0.010788	-0.010061	-0.015756	-0.011033	-0.010961	-0.011322	-0.010430	-0.007323	-0.011720	-0.013792	-0.013685	-0.010070	-0.010409	-0.014576	-0.011224	-0.009285	-0.012497	-0.009567	-0.012680	-0.009118	-0.013085	-0.010519	-0.011855	
-0.009938	-0.013792	-0.014519	-0.011092	-0.008058	-0.012309	-0.009926	-0.010136	-0.011628	-0.014522	-0.010069	-0.009989	-0.011016	-0.008902	-0.007689	-0.010572	-0.015138	-0.013319	-0.008221	-0.011328	-0.012175	-0.012801	-0.010600	-0.009461	-0.010813	-0.008040	-0.009109	-0.011859	-0.005574	-0.010850	-0.008918	-0.008336	-0.002576	-0.008866	-0.010808	0.973467	-0.007577	-0.014852	-0.012968	-0.009142	-0.013667	-0.011649	-0.012253	-0.011571	-0.011051	-0.013242	-0.012340	-0.012451	-0.009925	-0.011646	-0.013462	-0.014853	-0.009490	-0.010329	-0.011630	-0.010872	-0.004347	-0.010396	-0.010203	-0.008984	-0.011891	-0.011577	-0.010111	-0.011048	-0.005702	-0.010843	-0.010062	-0.010421	-0.010413	-0.014108	-0.009713	-0.010284	-0.015262	-0.011262	-0.009910	-0.011075	-0.004169	-0.007859	-0.015275	-0.013696	-0.011441	-0.012477	-0.007639	-0.012423	-0.013115	-0.006227	-0.010859	-0.009213	-0.011292	-0.012278	-0.011724	-0.008656	-0.007661	-0.010373	-0.013569	-0.012016	-0.010177	-0.012728	-0.011771	-0.013220	-0.011405	
-0.010381	-0.010581	-0.010685	-0.010494	-0.013760	-0.014365	-0.009888	-0.012593	-0.012259	-0.010080	-0.012488	-0.010617	-0.010947	-0.008208	-0.009663	-0.009522	-0.010904	-0.013559	-0.013174	-0.011191	-0.011016	-0.010741	-0.012692	-0.014200	-0.008894	-0.009865	-0.010840	-0.007556	-0.011345	-0.011001	-0.008956	-0.011603	-0.006658	-0.007727	-0.011879	-0.007577	0.987023	-0.011087	-0.013017	-0.010840	-0.013651	-0.010728	-0.010027	-0.010299	-0.010902	-0.010767	-0.013799	-0.011065	-0.011164	-0.010481	-0.007632	-0.014658	-0.013396	-0.008177	-0.009639	-0.012331	-0.007464	-0.010418	-0.011482	-0.007325	-0.011176	-0.011391	-0.009980	-0.011472	-0.011249	-0.011901	-0.009181	-0.010611	-0.008997	-0.014759	-0.009620	-0.012854	-0.010641	-0.011667	-0.013831	-0.011193	-0.012277	-0.014735	-0.010599	-0.011501	-0.011910	-0.013660	-0.009511	-0.012414	-0.011553	-0.009644	-0.010641	-0.010291	-0.012478	-0.013456	-0.010351	-0.009558	-0.009458	-0.011027	-0.010581	-0.012854	-0.010242	-0.012117	-0.013447	-0.012023	-0.010384	
-0.010500	-0.008017	-0.012190	-0.009625	-0.011965	-0.008534	-0.010169	-0.011557	-0.012171	-0.012484	-0.012436	-0.011137	-0.011300	-0.012985	-0.011488	-0.012606	-0.012229	-0.011732	-0.010850	-0.013094	-0.008375	-0.011698	-0.012840	-0.011619	-0.010192	-0.012926	-0.010232	-0.011743	-0.013363	-0.014758	-0.010031	-0.010660	-0.012439	-0.011956	-0.010271	-0.014852	-0.011087	1.004885	-0.012320	-0.014570	-0.009359	-0.009504	-0.011761	-0.010242	-0.009301	-0.008285	-0.010064	-0.009483	-0.012371	-0.012423	-0.013271	-0.012017	-0.008901	-0.010975	-0.011520	-0.012536	-0.011605	-0.012101	-0.008961	-0.011536	-0.014765	-0.009959	-0.011822	-0.007749	-0.011466	-0.010115	-0.014032	-0.014378	-0.011361	-0.007927	-0.012436	-0.011378	-0.008347	-0.010276	-0.012871	-0.012510	-0.011162	-0.012651	-0.013143	-0.008951	-0.013214	-0.010542	-0.009204	-0.012289	-0.013458	-0.012856	-0.014113	-0.011660	-0.010248	-0.013730	-0.012509	-0.011265	-0.009124	-0.012060	-0.011295	-0.009461	-0.012163	-0.010142	-0.009371	-0.008834	-0.014351	
-0.012308	-0.012066	-0.013870	-0.012261	-0.013465	-0.012219	-0.008193	-0.008737	-0.010331	-0.013258	-0.011548	-0.010687	-0.013346	-0.011634	-0.010136	-0.013143	-0.009541	-0.011748	-0.012541	-0.009820	-0.009644	-0.012006	-0.013371	-0.012237	-0.010962	-0.011207	-0.011384	-0.010145	-0.014255	-0.013530	-0.010176	-0.007914	-0.013823	-0.012421	-0.013943	-0.012968	-0.013017	-0.012320	1.004178	-0.009268	-0.010405	-0.011104	-0.010660	-0.012021	-0.010129	-0.011950	-0.009805	-0.009461	-0.011253	-0.008468	-0.012945	-0.012230	-0.010221	-0.011124	-0.012639	-0.009716	-0.008308	-0.009648	-0.010848	-0.011971	-0.009622	-0.006078	-0.011111	-0.011772	-0.012829	-0.007227	-0.013398	-0.012228	-0.012273	-0.013127	-0.013015	-0.014785	-0.012300	-0.009969	-0.009997	-0.013432	-0.009019	-0.013175	-0.011181	-0.014668	-0.009967	-0.010283	-0.010019	-0.008813	-0.010383	-0.009640	-0.014871	-0.012579	-0.012444	-0.013098	-0.009404	-0.009847	-0.009936	-0.009195	-0.013631	-0.009981	-0.011449	-0.011641	-0.009684	-0.011399	-0.011702	
